0, 0, Header, 1, 17, 480
1, 0, Start_track
1, 0, Title_t, "untitled"
1, 0, SMPTE_offset, 96, 0, 3, 0, 0
1, 0, Time_signature, 3, 2, 24, 8
1, 0, Key_signature, 1, "major"
1, 0, Tempo, 600000
1, 0, Marker_t, "A"
1, 23040, Marker_t, "A'"
1, 46080, Marker_t, "B"
1, 69120, Marker_t, "B'"
1, 91680, Tempo, 1250000
1, 91680, End_track
2, 0, Start_track
2, 0, MIDI_port, 0
2, 0, Title_t, "Solo Harpsichord with 2 Manuals"
2, 0, Program_c, 0, 6
2, 0, Control_c, 0, 7, 100
2, 0, Control_c, 0, 10, 69
2, 120, Note_on_c, 0, 62, 100
2, 240, Note_on_c, 0, 62, 0
2, 240, Note_on_c, 0, 64, 100
2, 360, Note_on_c, 0, 64, 0
2, 360, Note_on_c, 0, 66, 100
2, 480, Note_on_c, 0, 66, 0
2, 480, Note_on_c, 0, 67, 100
2, 600, Note_on_c, 0, 67, 0
2, 600, Note_on_c, 0, 66, 100
2, 720, Note_on_c, 0, 66, 0
2, 720, Note_on_c, 0, 67, 100
2, 840, Note_on_c, 0, 67, 0
2, 840, Note_on_c, 0, 69, 100
2, 960, Note_on_c, 0, 69, 0
2, 960, Note_on_c, 0, 71, 100
2, 1080, Note_on_c, 0, 71, 0
2, 1080, Note_on_c, 0, 69, 100
2, 1200, Note_on_c, 0, 69, 0
2, 1200, Note_on_c, 0, 67, 100
2, 1320, Note_on_c, 0, 67, 0
2, 1320, Note_on_c, 0, 71, 100
2, 1440, Note_on_c, 0, 71, 0
2, 1440, Note_on_c, 0, 69, 100
2, 1560, Note_on_c, 0, 69, 0
2, 1560, Note_on_c, 0, 67, 100
2, 1680, Note_on_c, 0, 67, 0
2, 1680, Note_on_c, 0, 66, 100
2, 1800, Note_on_c, 0, 66, 0
2, 1800, Note_on_c, 0, 64, 100
2, 1920, Note_on_c, 0, 64, 0
2, 1920, Note_on_c, 0, 62, 100
2, 2040, Note_on_c, 0, 62, 0
2, 2040, Note_on_c, 0, 64, 100
2, 2160, Note_on_c, 0, 64, 0
2, 2160, Note_on_c, 0, 66, 100
2, 2280, Note_on_c, 0, 66, 0
2, 2280, Note_on_c, 0, 67, 100
2, 2400, Note_on_c, 0, 67, 0
2, 2400, Note_on_c, 0, 69, 100
2, 2520, Note_on_c, 0, 69, 0
2, 2520, Note_on_c, 0, 66, 100
2, 2640, Note_on_c, 0, 66, 0
2, 2640, Note_on_c, 0, 64, 100
2, 2760, Note_on_c, 0, 64, 0
2, 2760, Note_on_c, 0, 62, 100
2, 2880, Note_on_c, 0, 62, 0
2, 2880, Note_on_c, 0, 67, 100
2, 3000, Note_on_c, 0, 67, 0
2, 3000, Note_on_c, 0, 66, 100
2, 3120, Note_on_c, 0, 66, 0
2, 3120, Note_on_c, 0, 64, 100
2, 3240, Note_on_c, 0, 64, 0
2, 3240, Note_on_c, 0, 62, 100
2, 3360, Note_on_c, 0, 62, 0
2, 3360, Note_on_c, 0, 61, 100
2, 3480, Note_on_c, 0, 61, 0
2, 3480, Note_on_c, 0, 62, 100
2, 3600, Note_on_c, 0, 62, 0
2, 3600, Note_on_c, 0, 64, 100
2, 3720, Note_on_c, 0, 64, 0
2, 3720, Note_on_c, 0, 66, 100
2, 3840, Note_on_c, 0, 66, 0
2, 3840, Note_on_c, 0, 67, 100
2, 3960, Note_on_c, 0, 67, 0
2, 3960, Note_on_c, 0, 71, 100
2, 4080, Note_on_c, 0, 71, 0
2, 4080, Note_on_c, 0, 69, 100
2, 4200, Note_on_c, 0, 69, 0
2, 4200, Note_on_c, 0, 67, 100
2, 4320, Note_on_c, 0, 67, 0
2, 4320, Note_on_c, 0, 66, 100
2, 4440, Note_on_c, 0, 66, 0
2, 4440, Note_on_c, 0, 64, 100
2, 4560, Note_on_c, 0, 64, 0
2, 4560, Note_on_c, 0, 62, 100
2, 4680, Note_on_c, 0, 62, 0
2, 4680, Note_on_c, 0, 61, 100
2, 4800, Note_on_c, 0, 61, 0
2, 4800, Note_on_c, 0, 62, 100
2, 4920, Note_on_c, 0, 62, 0
2, 4920, Note_on_c, 0, 57, 100
2, 5040, Note_on_c, 0, 57, 0
2, 5040, Note_on_c, 0, 62, 100
2, 5160, Note_on_c, 0, 62, 0
2, 5160, Note_on_c, 0, 64, 100
2, 5280, Note_on_c, 0, 64, 0
2, 5280, Note_on_c, 0, 66, 100
2, 5400, Note_on_c, 0, 66, 0
2, 5400, Note_on_c, 0, 62, 100
2, 5520, Note_on_c, 0, 62, 0
2, 5520, Note_on_c, 0, 66, 100
2, 5640, Note_on_c, 0, 66, 0
2, 5640, Note_on_c, 0, 69, 100
2, 5760, Note_on_c, 0, 69, 0
2, 5760, Note_on_c, 0, 74, 100
2, 5880, Note_on_c, 0, 74, 0
2, 5880, Note_on_c, 0, 71, 100
2, 6000, Note_on_c, 0, 71, 0
2, 6000, Note_on_c, 0, 69, 100
2, 6120, Note_on_c, 0, 69, 0
2, 6120, Note_on_c, 0, 71, 100
2, 6240, Note_on_c, 0, 71, 0
2, 6240, Note_on_c, 0, 67, 100
2, 6360, Note_on_c, 0, 67, 0
2, 6360, Note_on_c, 0, 71, 100
2, 6480, Note_on_c, 0, 71, 0
2, 6480, Note_on_c, 0, 69, 100
2, 6600, Note_on_c, 0, 69, 0
2, 6600, Note_on_c, 0, 71, 100
2, 6720, Note_on_c, 0, 71, 0
2, 6720, Note_on_c, 0, 62, 100
2, 6840, Note_on_c, 0, 62, 0
2, 6840, Note_on_c, 0, 67, 100
2, 6960, Note_on_c, 0, 67, 0
2, 6960, Note_on_c, 0, 66, 100
2, 7080, Note_on_c, 0, 66, 0
2, 7080, Note_on_c, 0, 67, 100
2, 7200, Note_on_c, 0, 67, 0
2, 7200, Note_on_c, 0, 64, 100
2, 7320, Note_on_c, 0, 64, 0
2, 7320, Note_on_c, 0, 67, 100
2, 7440, Note_on_c, 0, 67, 0
2, 7440, Note_on_c, 0, 62, 100
2, 7560, Note_on_c, 0, 62, 0
2, 7560, Note_on_c, 0, 67, 100
2, 7680, Note_on_c, 0, 67, 0
2, 7680, Note_on_c, 0, 60, 100
2, 7800, Note_on_c, 0, 60, 0
2, 7800, Note_on_c, 0, 67, 100
2, 7920, Note_on_c, 0, 67, 0
2, 7920, Note_on_c, 0, 59, 100
2, 8040, Note_on_c, 0, 59, 0
2, 8040, Note_on_c, 0, 67, 100
2, 8160, Note_on_c, 0, 67, 0
2, 8160, Note_on_c, 0, 57, 100
2, 8280, Note_on_c, 0, 57, 0
2, 8280, Note_on_c, 0, 67, 100
2, 8400, Note_on_c, 0, 67, 0
2, 8400, Note_on_c, 0, 59, 100
2, 8520, Note_on_c, 0, 59, 0
2, 8520, Note_on_c, 0, 67, 100
2, 8640, Note_on_c, 0, 67, 0
2, 8640, Note_on_c, 0, 60, 100
2, 8760, Note_on_c, 0, 60, 0
2, 8760, Note_on_c, 0, 67, 100
2, 8880, Note_on_c, 0, 67, 0
2, 8880, Note_on_c, 0, 59, 100
2, 9000, Note_on_c, 0, 59, 0
2, 9000, Note_on_c, 0, 67, 100
2, 9120, Note_on_c, 0, 67, 0
2, 9120, Note_on_c, 0, 60, 100
2, 9240, Note_on_c, 0, 60, 0
2, 9240, Note_on_c, 0, 66, 100
2, 9360, Note_on_c, 0, 66, 0
2, 9360, Note_on_c, 0, 64, 100
2, 9480, Note_on_c, 0, 64, 0
2, 9480, Note_on_c, 0, 66, 100
2, 9600, Note_on_c, 0, 66, 0
2, 9600, Note_on_c, 0, 62, 100
2, 9720, Note_on_c, 0, 62, 0
2, 9720, Note_on_c, 0, 66, 100
2, 9840, Note_on_c, 0, 66, 0
2, 9840, Note_on_c, 0, 60, 100
2, 9960, Note_on_c, 0, 60, 0
2, 9960, Note_on_c, 0, 66, 100
2, 10080, Note_on_c, 0, 66, 0
2, 10080, Note_on_c, 0, 59, 100
2, 10200, Note_on_c, 0, 59, 0
2, 10200, Note_on_c, 0, 67, 100
2, 10320, Note_on_c, 0, 67, 0
2, 10320, Note_on_c, 0, 66, 100
2, 10440, Note_on_c, 0, 66, 0
2, 10440, Note_on_c, 0, 64, 100
2, 10560, Note_on_c, 0, 64, 0
2, 10560, Note_on_c, 0, 62, 100
2, 10680, Note_on_c, 0, 62, 0
2, 10680, Note_on_c, 0, 60, 100
2, 10800, Note_on_c, 0, 60, 0
2, 10800, Note_on_c, 0, 59, 100
2, 10920, Note_on_c, 0, 59, 0
2, 10920, Note_on_c, 0, 57, 100
2, 11040, Note_on_c, 0, 57, 0
2, 11040, Note_on_c, 0, 55, 100
2, 11280, Note_on_c, 0, 55, 0
2, 11520, Note_on_c, 0, 83, 100
2, 11760, Note_on_c, 0, 83, 0
2, 12000, Note_on_c, 0, 67, 100
2, 12240, Note_on_c, 0, 67, 0
2, 12480, Note_on_c, 0, 83, 100
2, 12960, Note_on_c, 0, 83, 0
2, 12960, Note_on_c, 0, 81, 100
2, 13200, Note_on_c, 0, 81, 0
2, 13440, Note_on_c, 0, 66, 100
2, 13680, Note_on_c, 0, 66, 0
2, 13920, Note_on_c, 0, 81, 100
2, 14400, Note_on_c, 0, 81, 0
2, 14400, Note_on_c, 0, 79, 100
2, 14520, Note_on_c, 0, 79, 0
2, 14520, Note_on_c, 0, 78, 100
2, 14640, Note_on_c, 0, 78, 0
2, 14640, Note_on_c, 0, 76, 100
2, 14760, Note_on_c, 0, 76, 0
2, 14760, Note_on_c, 0, 75, 100
2, 14880, Note_on_c, 0, 75, 0
2, 14880, Note_on_c, 0, 76, 100
2, 15000, Note_on_c, 0, 76, 0
2, 15000, Note_on_c, 0, 79, 100
2, 15120, Note_on_c, 0, 79, 0
2, 15120, Note_on_c, 0, 74, 100
2, 15240, Note_on_c, 0, 74, 0
2, 15240, Note_on_c, 0, 79, 100
2, 15360, Note_on_c, 0, 79, 0
2, 15360, Note_on_c, 0, 73, 100
2, 15480, Note_on_c, 0, 73, 0
2, 15480, Note_on_c, 0, 79, 100
2, 15600, Note_on_c, 0, 79, 0
2, 15600, Note_on_c, 0, 71, 100
2, 15720, Note_on_c, 0, 71, 0
2, 15720, Note_on_c, 0, 79, 100
2, 15840, Note_on_c, 0, 79, 0
2, 15840, Note_on_c, 0, 73, 100
2, 15960, Note_on_c, 0, 73, 0
2, 15960, Note_on_c, 0, 79, 100
2, 16080, Note_on_c, 0, 79, 0
2, 16080, Note_on_c, 0, 76, 100
2, 16200, Note_on_c, 0, 76, 0
2, 16200, Note_on_c, 0, 79, 100
2, 16320, Note_on_c, 0, 79, 0
2, 16320, Note_on_c, 0, 69, 100
2, 16560, Note_on_c, 0, 69, 0
2, 16560, Note_on_c, 0, 79, 100
2, 16800, Note_on_c, 0, 79, 0
2, 16800, Note_on_c, 0, 78, 100
2, 17040, Note_on_c, 0, 78, 0
2, 17040, Note_on_c, 0, 81, 100
2, 17100, Note_on_c, 0, 81, 0
2, 17100, Note_on_c, 0, 79, 100
2, 17160, Note_on_c, 0, 79, 0
2, 17160, Note_on_c, 0, 78, 100
2, 17220, Note_on_c, 0, 78, 0
2, 17220, Note_on_c, 0, 79, 100
2, 17280, Note_on_c, 0, 79, 0
2, 17280, Note_on_c, 0, 81, 100
2, 17520, Note_on_c, 0, 81, 0
2, 17520, Note_on_c, 0, 64, 100
2, 17760, Note_on_c, 0, 64, 0
2, 17760, Note_on_c, 0, 66, 100
2, 18000, Note_on_c, 0, 66, 0
2, 18000, Note_on_c, 0, 78, 100
2, 18240, Note_on_c, 0, 78, 0
2, 18240, Note_on_c, 0, 79, 100
2, 18480, Note_on_c, 0, 79, 0
2, 18480, Note_on_c, 0, 81, 100
2, 18720, Note_on_c, 0, 81, 0
2, 18720, Note_on_c, 0, 83, 100
2, 18960, Note_on_c, 0, 83, 0
2, 18960, Note_on_c, 0, 66, 100
2, 19200, Note_on_c, 0, 66, 0
2, 19200, Note_on_c, 0, 64, 100
2, 19440, Note_on_c, 0, 64, 0
2, 19440, Note_on_c, 0, 79, 100
2, 19680, Note_on_c, 0, 79, 0
2, 19680, Note_on_c, 0, 81, 100
2, 19920, Note_on_c, 0, 81, 0
2, 19920, Note_on_c, 0, 83, 100
2, 20160, Note_on_c, 0, 83, 0
2, 20160, Note_on_c, 0, 76, 100
2, 20400, Note_on_c, 0, 76, 0
2, 20400, Note_on_c, 0, 67, 100
2, 20640, Note_on_c, 0, 67, 0
2, 20640, Note_on_c, 0, 57, 100
2, 20880, Note_on_c, 0, 57, 0
2, 20880, Note_on_c, 0, 64, 100
2, 21120, Note_on_c, 0, 64, 0
2, 21120, Note_on_c, 0, 61, 100
2, 21360, Note_on_c, 0, 61, 0
2, 21360, Note_on_c, 0, 57, 100
2, 21600, Note_on_c, 0, 57, 0
2, 21600, Note_on_c, 0, 50, 100
2, 21840, Note_on_c, 0, 50, 0
2, 21840, Note_on_c, 0, 62, 100
2, 22080, Note_on_c, 0, 62, 0
2, 22080, Note_on_c, 0, 66, 100
2, 22320, Note_on_c, 0, 66, 0
2, 22320, Note_on_c, 0, 69, 100
2, 22560, Note_on_c, 0, 69, 0
2, 22560, Note_on_c, 0, 74, 100
2, 23040, Note_on_c, 0, 74, 0
2, 23160, Note_on_c, 0, 62, 100
2, 23280, Note_on_c, 0, 62, 0
2, 23280, Note_on_c, 0, 64, 100
2, 23400, Note_on_c, 0, 64, 0
2, 23400, Note_on_c, 0, 66, 100
2, 23520, Note_on_c, 0, 66, 0
2, 23520, Note_on_c, 0, 67, 100
2, 23640, Note_on_c, 0, 67, 0
2, 23640, Note_on_c, 0, 66, 100
2, 23760, Note_on_c, 0, 66, 0
2, 23760, Note_on_c, 0, 67, 100
2, 23880, Note_on_c, 0, 67, 0
2, 23880, Note_on_c, 0, 69, 100
2, 24000, Note_on_c, 0, 69, 0
2, 24000, Note_on_c, 0, 71, 100
2, 24120, Note_on_c, 0, 71, 0
2, 24120, Note_on_c, 0, 69, 100
2, 24240, Note_on_c, 0, 69, 0
2, 24240, Note_on_c, 0, 67, 100
2, 24360, Note_on_c, 0, 67, 0
2, 24360, Note_on_c, 0, 71, 100
2, 24480, Note_on_c, 0, 71, 0
2, 24480, Note_on_c, 0, 69, 100
2, 24600, Note_on_c, 0, 69, 0
2, 24600, Note_on_c, 0, 67, 100
2, 24720, Note_on_c, 0, 67, 0
2, 24720, Note_on_c, 0, 66, 100
2, 24840, Note_on_c, 0, 66, 0
2, 24840, Note_on_c, 0, 64, 100
2, 24960, Note_on_c, 0, 64, 0
2, 24960, Note_on_c, 0, 62, 100
2, 25080, Note_on_c, 0, 62, 0
2, 25080, Note_on_c, 0, 64, 100
2, 25200, Note_on_c, 0, 64, 0
2, 25200, Note_on_c, 0, 66, 100
2, 25320, Note_on_c, 0, 66, 0
2, 25320, Note_on_c, 0, 67, 100
2, 25440, Note_on_c, 0, 67, 0
2, 25440, Note_on_c, 0, 69, 100
2, 25560, Note_on_c, 0, 69, 0
2, 25560, Note_on_c, 0, 66, 100
2, 25680, Note_on_c, 0, 66, 0
2, 25680, Note_on_c, 0, 64, 100
2, 25800, Note_on_c, 0, 64, 0
2, 25800, Note_on_c, 0, 62, 100
2, 25920, Note_on_c, 0, 62, 0
2, 25920, Note_on_c, 0, 67, 100
2, 26040, Note_on_c, 0, 67, 0
2, 26040, Note_on_c, 0, 66, 100
2, 26160, Note_on_c, 0, 66, 0
2, 26160, Note_on_c, 0, 64, 100
2, 26280, Note_on_c, 0, 64, 0
2, 26280, Note_on_c, 0, 62, 100
2, 26400, Note_on_c, 0, 62, 0
2, 26400, Note_on_c, 0, 61, 100
2, 26520, Note_on_c, 0, 61, 0
2, 26520, Note_on_c, 0, 62, 100
2, 26640, Note_on_c, 0, 62, 0
2, 26640, Note_on_c, 0, 64, 100
2, 26760, Note_on_c, 0, 64, 0
2, 26760, Note_on_c, 0, 66, 100
2, 26880, Note_on_c, 0, 66, 0
2, 26880, Note_on_c, 0, 67, 100
2, 27000, Note_on_c, 0, 67, 0
2, 27000, Note_on_c, 0, 71, 100
2, 27120, Note_on_c, 0, 71, 0
2, 27120, Note_on_c, 0, 69, 100
2, 27240, Note_on_c, 0, 69, 0
2, 27240, Note_on_c, 0, 67, 100
2, 27360, Note_on_c, 0, 67, 0
2, 27360, Note_on_c, 0, 66, 100
2, 27480, Note_on_c, 0, 66, 0
2, 27480, Note_on_c, 0, 64, 100
2, 27600, Note_on_c, 0, 64, 0
2, 27600, Note_on_c, 0, 62, 100
2, 27720, Note_on_c, 0, 62, 0
2, 27720, Note_on_c, 0, 61, 100
2, 27840, Note_on_c, 0, 61, 0
2, 27840, Note_on_c, 0, 62, 100
2, 27960, Note_on_c, 0, 62, 0
2, 27960, Note_on_c, 0, 57, 100
2, 28080, Note_on_c, 0, 57, 0
2, 28080, Note_on_c, 0, 62, 100
2, 28200, Note_on_c, 0, 62, 0
2, 28200, Note_on_c, 0, 64, 100
2, 28320, Note_on_c, 0, 64, 0
2, 28320, Note_on_c, 0, 66, 100
2, 28440, Note_on_c, 0, 66, 0
2, 28440, Note_on_c, 0, 62, 100
2, 28560, Note_on_c, 0, 62, 0
2, 28560, Note_on_c, 0, 66, 100
2, 28680, Note_on_c, 0, 66, 0
2, 28680, Note_on_c, 0, 69, 100
2, 28800, Note_on_c, 0, 69, 0
2, 28800, Note_on_c, 0, 74, 100
2, 28920, Note_on_c, 0, 74, 0
2, 28920, Note_on_c, 0, 71, 100
2, 29040, Note_on_c, 0, 71, 0
2, 29040, Note_on_c, 0, 69, 100
2, 29160, Note_on_c, 0, 69, 0
2, 29160, Note_on_c, 0, 71, 100
2, 29280, Note_on_c, 0, 71, 0
2, 29280, Note_on_c, 0, 67, 100
2, 29400, Note_on_c, 0, 67, 0
2, 29400, Note_on_c, 0, 71, 100
2, 29520, Note_on_c, 0, 71, 0
2, 29520, Note_on_c, 0, 69, 100
2, 29640, Note_on_c, 0, 69, 0
2, 29640, Note_on_c, 0, 71, 100
2, 29760, Note_on_c, 0, 71, 0
2, 29760, Note_on_c, 0, 62, 100
2, 29880, Note_on_c, 0, 62, 0
2, 29880, Note_on_c, 0, 67, 100
2, 30000, Note_on_c, 0, 67, 0
2, 30000, Note_on_c, 0, 66, 100
2, 30120, Note_on_c, 0, 66, 0
2, 30120, Note_on_c, 0, 67, 100
2, 30240, Note_on_c, 0, 67, 0
2, 30240, Note_on_c, 0, 64, 100
2, 30360, Note_on_c, 0, 64, 0
2, 30360, Note_on_c, 0, 67, 100
2, 30480, Note_on_c, 0, 67, 0
2, 30480, Note_on_c, 0, 62, 100
2, 30600, Note_on_c, 0, 62, 0
2, 30600, Note_on_c, 0, 67, 100
2, 30720, Note_on_c, 0, 67, 0
2, 30720, Note_on_c, 0, 60, 100
2, 30840, Note_on_c, 0, 60, 0
2, 30840, Note_on_c, 0, 67, 100
2, 30960, Note_on_c, 0, 67, 0
2, 30960, Note_on_c, 0, 59, 100
2, 31080, Note_on_c, 0, 59, 0
2, 31080, Note_on_c, 0, 67, 100
2, 31200, Note_on_c, 0, 67, 0
2, 31200, Note_on_c, 0, 57, 100
2, 31320, Note_on_c, 0, 57, 0
2, 31320, Note_on_c, 0, 67, 100
2, 31440, Note_on_c, 0, 67, 0
2, 31440, Note_on_c, 0, 59, 100
2, 31560, Note_on_c, 0, 59, 0
2, 31560, Note_on_c, 0, 67, 100
2, 31680, Note_on_c, 0, 67, 0
2, 31680, Note_on_c, 0, 60, 100
2, 31800, Note_on_c, 0, 60, 0
2, 31800, Note_on_c, 0, 67, 100
2, 31920, Note_on_c, 0, 67, 0
2, 31920, Note_on_c, 0, 59, 100
2, 32040, Note_on_c, 0, 59, 0
2, 32040, Note_on_c, 0, 67, 100
2, 32160, Note_on_c, 0, 67, 0
2, 32160, Note_on_c, 0, 60, 100
2, 32280, Note_on_c, 0, 60, 0
2, 32280, Note_on_c, 0, 66, 100
2, 32400, Note_on_c, 0, 66, 0
2, 32400, Note_on_c, 0, 64, 100
2, 32520, Note_on_c, 0, 64, 0
2, 32520, Note_on_c, 0, 66, 100
2, 32640, Note_on_c, 0, 66, 0
2, 32640, Note_on_c, 0, 62, 100
2, 32760, Note_on_c, 0, 62, 0
2, 32760, Note_on_c, 0, 66, 100
2, 32880, Note_on_c, 0, 66, 0
2, 32880, Note_on_c, 0, 60, 100
2, 33000, Note_on_c, 0, 60, 0
2, 33000, Note_on_c, 0, 66, 100
2, 33120, Note_on_c, 0, 66, 0
2, 33120, Note_on_c, 0, 59, 100
2, 33240, Note_on_c, 0, 59, 0
2, 33240, Note_on_c, 0, 67, 100
2, 33360, Note_on_c, 0, 67, 0
2, 33360, Note_on_c, 0, 66, 100
2, 33480, Note_on_c, 0, 66, 0
2, 33480, Note_on_c, 0, 64, 100
2, 33600, Note_on_c, 0, 64, 0
2, 33600, Note_on_c, 0, 62, 100
2, 33720, Note_on_c, 0, 62, 0
2, 33720, Note_on_c, 0, 60, 100
2, 33840, Note_on_c, 0, 60, 0
2, 33840, Note_on_c, 0, 59, 100
2, 33960, Note_on_c, 0, 59, 0
2, 33960, Note_on_c, 0, 57, 100
2, 34080, Note_on_c, 0, 57, 0
2, 34080, Note_on_c, 0, 55, 100
2, 34320, Note_on_c, 0, 55, 0
2, 34560, Note_on_c, 0, 83, 100
2, 34800, Note_on_c, 0, 83, 0
2, 35040, Note_on_c, 0, 67, 100
2, 35280, Note_on_c, 0, 67, 0
2, 35520, Note_on_c, 0, 83, 100
2, 36000, Note_on_c, 0, 83, 0
2, 36000, Note_on_c, 0, 81, 100
2, 36240, Note_on_c, 0, 81, 0
2, 36480, Note_on_c, 0, 66, 100
2, 36720, Note_on_c, 0, 66, 0
2, 36960, Note_on_c, 0, 81, 100
2, 37440, Note_on_c, 0, 81, 0
2, 37440, Note_on_c, 0, 79, 100
2, 37560, Note_on_c, 0, 79, 0
2, 37560, Note_on_c, 0, 78, 100
2, 37680, Note_on_c, 0, 78, 0
2, 37680, Note_on_c, 0, 76, 100
2, 37800, Note_on_c, 0, 76, 0
2, 37800, Note_on_c, 0, 75, 100
2, 37920, Note_on_c, 0, 75, 0
2, 37920, Note_on_c, 0, 76, 100
2, 38040, Note_on_c, 0, 76, 0
2, 38040, Note_on_c, 0, 79, 100
2, 38160, Note_on_c, 0, 79, 0
2, 38160, Note_on_c, 0, 74, 100
2, 38280, Note_on_c, 0, 74, 0
2, 38280, Note_on_c, 0, 79, 100
2, 38400, Note_on_c, 0, 79, 0
2, 38400, Note_on_c, 0, 73, 100
2, 38520, Note_on_c, 0, 73, 0
2, 38520, Note_on_c, 0, 79, 100
2, 38640, Note_on_c, 0, 79, 0
2, 38640, Note_on_c, 0, 71, 100
2, 38760, Note_on_c, 0, 71, 0
2, 38760, Note_on_c, 0, 79, 100
2, 38880, Note_on_c, 0, 79, 0
2, 38880, Note_on_c, 0, 73, 100
2, 39000, Note_on_c, 0, 73, 0
2, 39000, Note_on_c, 0, 79, 100
2, 39120, Note_on_c, 0, 79, 0
2, 39120, Note_on_c, 0, 76, 100
2, 39240, Note_on_c, 0, 76, 0
2, 39240, Note_on_c, 0, 79, 100
2, 39360, Note_on_c, 0, 79, 0
2, 39360, Note_on_c, 0, 69, 100
2, 39600, Note_on_c, 0, 69, 0
2, 39600, Note_on_c, 0, 79, 100
2, 39840, Note_on_c, 0, 79, 0
2, 39840, Note_on_c, 0, 78, 100
2, 40080, Note_on_c, 0, 78, 0
2, 40080, Note_on_c, 0, 81, 100
2, 40140, Note_on_c, 0, 81, 0
2, 40140, Note_on_c, 0, 79, 100
2, 40200, Note_on_c, 0, 79, 0
2, 40200, Note_on_c, 0, 78, 100
2, 40260, Note_on_c, 0, 78, 0
2, 40260, Note_on_c, 0, 79, 100
2, 40320, Note_on_c, 0, 79, 0
2, 40320, Note_on_c, 0, 81, 100
2, 40560, Note_on_c, 0, 81, 0
2, 40560, Note_on_c, 0, 64, 100
2, 40800, Note_on_c, 0, 64, 0
2, 40800, Note_on_c, 0, 66, 100
2, 41040, Note_on_c, 0, 66, 0
2, 41040, Note_on_c, 0, 78, 100
2, 41280, Note_on_c, 0, 78, 0
2, 41280, Note_on_c, 0, 79, 100
2, 41520, Note_on_c, 0, 79, 0
2, 41520, Note_on_c, 0, 81, 100
2, 41760, Note_on_c, 0, 81, 0
2, 41760, Note_on_c, 0, 83, 100
2, 42000, Note_on_c, 0, 83, 0
2, 42000, Note_on_c, 0, 66, 100
2, 42240, Note_on_c, 0, 66, 0
2, 42240, Note_on_c, 0, 64, 100
2, 42480, Note_on_c, 0, 64, 0
2, 42480, Note_on_c, 0, 79, 100
2, 42720, Note_on_c, 0, 79, 0
2, 42720, Note_on_c, 0, 81, 100
2, 42960, Note_on_c, 0, 81, 0
2, 42960, Note_on_c, 0, 83, 100
2, 43200, Note_on_c, 0, 83, 0
2, 43200, Note_on_c, 0, 76, 100
2, 43440, Note_on_c, 0, 76, 0
2, 43440, Note_on_c, 0, 67, 100
2, 43680, Note_on_c, 0, 67, 0
2, 43680, Note_on_c, 0, 57, 100
2, 43920, Note_on_c, 0, 57, 0
2, 43920, Note_on_c, 0, 64, 100
2, 44160, Note_on_c, 0, 64, 0
2, 44160, Note_on_c, 0, 61, 100
2, 44400, Note_on_c, 0, 61, 0
2, 44400, Note_on_c, 0, 57, 100
2, 44640, Note_on_c, 0, 57, 0
2, 44640, Note_on_c, 0, 50, 100
2, 44880, Note_on_c, 0, 50, 0
2, 44880, Note_on_c, 0, 62, 100
2, 45120, Note_on_c, 0, 62, 0
2, 45120, Note_on_c, 0, 66, 100
2, 45360, Note_on_c, 0, 66, 0
2, 45360, Note_on_c, 0, 69, 100
2, 45600, Note_on_c, 0, 69, 0
2, 45600, Note_on_c, 0, 74, 100
2, 46080, Note_on_c, 0, 74, 0
2, 46080, Note_on_c, 0, 78, 100
2, 46320, Note_on_c, 0, 78, 0
2, 46560, Note_on_c, 0, 62, 100
2, 46800, Note_on_c, 0, 62, 0
2, 47040, Note_on_c, 0, 79, 100
2, 47100, Note_on_c, 0, 79, 0
2, 47100, Note_on_c, 0, 78, 100
2, 47160, Note_on_c, 0, 78, 0
2, 47160, Note_on_c, 0, 76, 100
2, 47220, Note_on_c, 0, 76, 0
2, 47220, Note_on_c, 0, 78, 100
2, 47280, Note_on_c, 0, 78, 0
2, 47280, Note_on_c, 0, 76, 100
2, 47340, Note_on_c, 0, 76, 0
2, 47340, Note_on_c, 0, 78, 100
2, 47400, Note_on_c, 0, 78, 0
2, 47400, Note_on_c, 0, 76, 100
2, 47460, Note_on_c, 0, 76, 0
2, 47460, Note_on_c, 0, 78, 100
2, 47520, Note_on_c, 0, 78, 0
2, 47520, Note_on_c, 0, 79, 100
2, 47760, Note_on_c, 0, 79, 0
2, 47760, Note_on_c, 0, 74, 100
2, 47880, Note_on_c, 0, 74, 0
2, 47880, Note_on_c, 0, 79, 100
2, 48000, Note_on_c, 0, 79, 0
2, 48000, Note_on_c, 0, 81, 100
2, 48240, Note_on_c, 0, 81, 0
2, 48240, Note_on_c, 0, 74, 100
2, 48360, Note_on_c, 0, 74, 0
2, 48360, Note_on_c, 0, 81, 100
2, 48480, Note_on_c, 0, 81, 0
2, 48480, Note_on_c, 0, 83, 100
2, 48720, Note_on_c, 0, 83, 0
2, 48720, Note_on_c, 0, 79, 100
2, 48960, Note_on_c, 0, 79, 0
2, 48960, Note_on_c, 0, 76, 100
2, 49200, Note_on_c, 0, 76, 0
2, 49200, Note_on_c, 0, 72, 100
2, 49440, Note_on_c, 0, 72, 0
2, 49440, Note_on_c, 0, 69, 100
2, 49680, Note_on_c, 0, 69, 0
2, 49680, Note_on_c, 0, 79, 100
2, 49920, Note_on_c, 0, 79, 0
2, 49920, Note_on_c, 0, 78, 100
2, 49980, Note_on_c, 0, 78, 0
2, 49980, Note_on_c, 0, 76, 100
2, 50040, Note_on_c, 0, 76, 0
2, 50040, Note_on_c, 0, 75, 100
2, 50160, Note_on_c, 0, 75, 0
2, 50160, Note_on_c, 0, 76, 100
2, 50640, Note_on_c, 0, 76, 0
2, 50640, Note_on_c, 0, 76, 100
2, 50680, Note_on_c, 0, 76, 0
2, 50680, Note_on_c, 0, 75, 100
2, 50720, Note_on_c, 0, 75, 0
2, 50720, Note_on_c, 0, 76, 100
2, 50760, Note_on_c, 0, 76, 0
2, 50760, Note_on_c, 0, 75, 100
2, 50880, Note_on_c, 0, 75, 0
2, 51120, Note_on_c, 0, 57, 100
2, 51360, Note_on_c, 0, 57, 0
2, 51360, Note_on_c, 0, 57, 100
2, 51400, Note_on_c, 0, 57, 0
2, 51400, Note_on_c, 0, 55, 100
2, 51440, Note_on_c, 0, 55, 0
2, 51440, Note_on_c, 0, 57, 100
2, 51480, Note_on_c, 0, 57, 0
2, 51480, Note_on_c, 0, 55, 100
2, 51600, Note_on_c, 0, 55, 0
2, 51600, Note_on_c, 0, 54, 100
2, 51840, Note_on_c, 0, 54, 0
2, 51840, Note_on_c, 0, 52, 100
2, 52080, Note_on_c, 0, 52, 0
2, 52320, Note_on_c, 0, 76, 100
2, 52560, Note_on_c, 0, 76, 0
2, 52800, Note_on_c, 0, 50, 100
2, 52840, Note_on_c, 0, 50, 0
2, 52860, Note_on_c, 0, 48, 100
2, 52900, Note_on_c, 0, 48, 0
2, 52920, Note_on_c, 0, 50, 100
2, 53280, Note_on_c, 0, 50, 0
2, 53280, Note_on_c, 0, 48, 100
2, 53520, Note_on_c, 0, 48, 0
2, 53760, Note_on_c, 0, 76, 100
2, 54000, Note_on_c, 0, 76, 0
2, 54240, Note_on_c, 0, 45, 100
2, 54280, Note_on_c, 0, 45, 0
2, 54300, Note_on_c, 0, 43, 100
2, 54340, Note_on_c, 0, 43, 0
2, 54360, Note_on_c, 0, 45, 100
2, 54720, Note_on_c, 0, 45, 0
2, 54720, Note_on_c, 0, 47, 100
2, 54960, Note_on_c, 0, 47, 0
2, 55200, Note_on_c, 0, 79, 100
2, 55440, Note_on_c, 0, 79, 0
2, 55440, Note_on_c, 0, 78, 100
2, 55680, Note_on_c, 0, 78, 0
2, 55680, Note_on_c, 0, 76, 100
2, 55920, Note_on_c, 0, 76, 0
2, 55920, Note_on_c, 0, 75, 100
2, 56160, Note_on_c, 0, 75, 0
2, 56160, Note_on_c, 0, 76, 100
2, 56400, Note_on_c, 0, 76, 0
2, 56640, Note_on_c, 0, 52, 100
2, 57240, Note_on_c, 0, 52, 0
2, 57240, Note_on_c, 0, 50, 100
2, 57360, Note_on_c, 0, 50, 0
2, 57360, Note_on_c, 0, 48, 100
2, 57480, Note_on_c, 0, 48, 0
2, 57480, Note_on_c, 0, 47, 100
2, 57600, Note_on_c, 0, 47, 0
2, 57600, Note_on_c, 0, 48, 100
2, 57720, Note_on_c, 0, 48, 0
2, 57720, Note_on_c, 0, 52, 100
2, 57840, Note_on_c, 0, 52, 0
2, 57840, Note_on_c, 0, 50, 100
2, 57960, Note_on_c, 0, 50, 0
2, 57960, Note_on_c, 0, 52, 100
2, 58080, Note_on_c, 0, 52, 0
2, 58080, Note_on_c, 0, 57, 100
2, 58200, Note_on_c, 0, 57, 0
2, 58200, Note_on_c, 0, 52, 100
2, 58320, Note_on_c, 0, 52, 0
2, 58320, Note_on_c, 0, 50, 100
2, 58440, Note_on_c, 0, 50, 0
2, 58440, Note_on_c, 0, 52, 100
2, 58560, Note_on_c, 0, 52, 0
2, 58560, Note_on_c, 0, 60, 100
2, 58680, Note_on_c, 0, 60, 0
2, 58680, Note_on_c, 0, 57, 100
2, 58800, Note_on_c, 0, 57, 0
2, 58800, Note_on_c, 0, 55, 100
2, 58920, Note_on_c, 0, 55, 0
2, 58920, Note_on_c, 0, 57, 100
2, 59040, Note_on_c, 0, 57, 0
2, 59040, Note_on_c, 0, 66, 100
2, 59160, Note_on_c, 0, 66, 0
2, 59160, Note_on_c, 0, 57, 100
2, 59280, Note_on_c, 0, 57, 0
2, 59280, Note_on_c, 0, 55, 100
2, 59400, Note_on_c, 0, 55, 0
2, 59400, Note_on_c, 0, 57, 100
2, 59520, Note_on_c, 0, 57, 0
2, 59520, Note_on_c, 0, 67, 100
2, 59640, Note_on_c, 0, 67, 0
2, 59640, Note_on_c, 0, 62, 100
2, 59760, Note_on_c, 0, 62, 0
2, 59760, Note_on_c, 0, 60, 100
2, 59880, Note_on_c, 0, 60, 0
2, 59880, Note_on_c, 0, 62, 100
2, 60000, Note_on_c, 0, 62, 0
2, 60000, Note_on_c, 0, 71, 100
2, 60120, Note_on_c, 0, 71, 0
2, 60120, Note_on_c, 0, 67, 100
2, 60240, Note_on_c, 0, 67, 0
2, 60240, Note_on_c, 0, 66, 100
2, 60360, Note_on_c, 0, 66, 0
2, 60360, Note_on_c, 0, 67, 100
2, 60480, Note_on_c, 0, 67, 0
2, 60480, Note_on_c, 0, 76, 100
2, 60600, Note_on_c, 0, 76, 0
2, 60600, Note_on_c, 0, 74, 100
2, 60720, Note_on_c, 0, 74, 0
2, 60720, Note_on_c, 0, 72, 100
2, 60840, Note_on_c, 0, 72, 0
2, 60840, Note_on_c, 0, 74, 100
2, 60960, Note_on_c, 0, 74, 0
2, 60960, Note_on_c, 0, 78, 100
2, 61080, Note_on_c, 0, 78, 0
2, 61080, Note_on_c, 0, 74, 100
2, 61200, Note_on_c, 0, 74, 0
2, 61200, Note_on_c, 0, 72, 100
2, 61320, Note_on_c, 0, 72, 0
2, 61320, Note_on_c, 0, 74, 100
2, 61440, Note_on_c, 0, 74, 0
2, 61440, Note_on_c, 0, 79, 100
2, 61560, Note_on_c, 0, 79, 0
2, 61560, Note_on_c, 0, 74, 100
2, 61680, Note_on_c, 0, 74, 0
2, 61680, Note_on_c, 0, 72, 100
2, 61800, Note_on_c, 0, 72, 0
2, 61800, Note_on_c, 0, 74, 100
2, 61920, Note_on_c, 0, 74, 0
2, 61920, Note_on_c, 0, 81, 100
2, 62040, Note_on_c, 0, 81, 0
2, 62040, Note_on_c, 0, 74, 100
2, 62160, Note_on_c, 0, 74, 0
2, 62160, Note_on_c, 0, 72, 100
2, 62280, Note_on_c, 0, 72, 0
2, 62280, Note_on_c, 0, 71, 100
2, 62400, Note_on_c, 0, 71, 0
2, 62400, Note_on_c, 0, 72, 100
2, 62520, Note_on_c, 0, 72, 0
2, 62520, Note_on_c, 0, 71, 100
2, 62640, Note_on_c, 0, 71, 0
2, 62640, Note_on_c, 0, 69, 100
2, 62760, Note_on_c, 0, 69, 0
2, 62760, Note_on_c, 0, 67, 100
2, 62880, Note_on_c, 0, 67, 0
2, 62880, Note_on_c, 0, 66, 100
2, 63000, Note_on_c, 0, 66, 0
2, 63000, Note_on_c, 0, 81, 100
2, 63120, Note_on_c, 0, 81, 0
2, 63120, Note_on_c, 0, 79, 100
2, 63240, Note_on_c, 0, 79, 0
2, 63240, Note_on_c, 0, 78, 100
2, 63360, Note_on_c, 0, 78, 0
2, 63360, Note_on_c, 0, 79, 100
2, 63600, Note_on_c, 0, 79, 0
2, 63600, Note_on_c, 0, 71, 100
2, 63840, Note_on_c, 0, 71, 0
2, 64080, Note_on_c, 0, 53, 100
2, 64320, Note_on_c, 0, 53, 0
2, 64320, Note_on_c, 0, 52, 100
2, 64560, Note_on_c, 0, 52, 0
2, 64560, Note_on_c, 0, 50, 100
2, 64800, Note_on_c, 0, 50, 0
2, 64800, Note_on_c, 0, 48, 100
2, 64920, Note_on_c, 0, 48, 0
2, 64920, Note_on_c, 0, 60, 100
2, 65040, Note_on_c, 0, 60, 0
2, 65040, Note_on_c, 0, 59, 100
2, 65160, Note_on_c, 0, 59, 0
2, 65160, Note_on_c, 0, 60, 100
2, 65280, Note_on_c, 0, 60, 0
2, 65280, Note_on_c, 0, 62, 100
2, 65400, Note_on_c, 0, 62, 0
2, 65400, Note_on_c, 0, 60, 100
2, 65520, Note_on_c, 0, 60, 0
2, 65520, Note_on_c, 0, 64, 100
2, 65640, Note_on_c, 0, 64, 0
2, 65640, Note_on_c, 0, 60, 100
2, 65760, Note_on_c, 0, 60, 0
2, 65760, Note_on_c, 0, 66, 100
2, 65880, Note_on_c, 0, 66, 0
2, 65880, Note_on_c, 0, 60, 100
2, 66000, Note_on_c, 0, 60, 0
2, 66000, Note_on_c, 0, 67, 100
2, 66120, Note_on_c, 0, 67, 0
2, 66120, Note_on_c, 0, 60, 100
2, 66240, Note_on_c, 0, 60, 0
2, 66240, Note_on_c, 0, 69, 100
2, 66360, Note_on_c, 0, 69, 0
2, 66360, Note_on_c, 0, 60, 100
2, 66480, Note_on_c, 0, 60, 0
2, 66480, Note_on_c, 0, 59, 100
2, 66600, Note_on_c, 0, 59, 0
2, 66600, Note_on_c, 0, 57, 100
2, 66720, Note_on_c, 0, 57, 0
2, 66720, Note_on_c, 0, 59, 100
2, 66960, Note_on_c, 0, 59, 0
2, 66960, Note_on_c, 0, 74, 100
2, 67200, Note_on_c, 0, 74, 0
2, 67200, Note_on_c, 0, 50, 100
2, 67440, Note_on_c, 0, 50, 0
2, 67440, Note_on_c, 0, 72, 100
2, 67680, Note_on_c, 0, 72, 0
2, 67680, Note_on_c, 0, 71, 100
2, 67800, Note_on_c, 0, 71, 0
2, 67800, Note_on_c, 0, 67, 100
2, 67920, Note_on_c, 0, 67, 0
2, 67920, Note_on_c, 0, 62, 100
2, 68040, Note_on_c, 0, 62, 0
2, 68040, Note_on_c, 0, 67, 100
2, 68160, Note_on_c, 0, 67, 0
2, 68160, Note_on_c, 0, 71, 100
2, 68280, Note_on_c, 0, 71, 0
2, 68280, Note_on_c, 0, 67, 100
2, 68400, Note_on_c, 0, 67, 0
2, 68400, Note_on_c, 0, 74, 100
2, 68520, Note_on_c, 0, 74, 0
2, 68520, Note_on_c, 0, 71, 100
2, 68640, Note_on_c, 0, 71, 0
2, 68640, Note_on_c, 0, 79, 100
2, 69120, Note_on_c, 0, 79, 0
2, 69120, Note_on_c, 0, 78, 100
2, 69360, Note_on_c, 0, 78, 0
2, 69600, Note_on_c, 0, 62, 100
2, 69840, Note_on_c, 0, 62, 0
2, 70080, Note_on_c, 0, 79, 100
2, 70140, Note_on_c, 0, 79, 0
2, 70140, Note_on_c, 0, 78, 100
2, 70200, Note_on_c, 0, 78, 0
2, 70200, Note_on_c, 0, 76, 100
2, 70260, Note_on_c, 0, 76, 0
2, 70260, Note_on_c, 0, 78, 100
2, 70320, Note_on_c, 0, 78, 0
2, 70320, Note_on_c, 0, 76, 100
2, 70380, Note_on_c, 0, 76, 0
2, 70380, Note_on_c, 0, 78, 100
2, 70440, Note_on_c, 0, 78, 0
2, 70440, Note_on_c, 0, 76, 100
2, 70500, Note_on_c, 0, 76, 0
2, 70500, Note_on_c, 0, 78, 100
2, 70560, Note_on_c, 0, 78, 0
2, 70560, Note_on_c, 0, 79, 100
2, 70800, Note_on_c, 0, 79, 0
2, 70800, Note_on_c, 0, 74, 100
2, 70920, Note_on_c, 0, 74, 0
2, 70920, Note_on_c, 0, 79, 100
2, 71040, Note_on_c, 0, 79, 0
2, 71040, Note_on_c, 0, 81, 100
2, 71280, Note_on_c, 0, 81, 0
2, 71280, Note_on_c, 0, 74, 100
2, 71400, Note_on_c, 0, 74, 0
2, 71400, Note_on_c, 0, 81, 100
2, 71520, Note_on_c, 0, 81, 0
2, 71520, Note_on_c, 0, 83, 100
2, 71760, Note_on_c, 0, 83, 0
2, 71760, Note_on_c, 0, 79, 100
2, 72000, Note_on_c, 0, 79, 0
2, 72000, Note_on_c, 0, 76, 100
2, 72240, Note_on_c, 0, 76, 0
2, 72240, Note_on_c, 0, 72, 100
2, 72480, Note_on_c, 0, 72, 0
2, 72480, Note_on_c, 0, 69, 100
2, 72720, Note_on_c, 0, 69, 0
2, 72720, Note_on_c, 0, 79, 100
2, 72960, Note_on_c, 0, 79, 0
2, 72960, Note_on_c, 0, 78, 100
2, 73020, Note_on_c, 0, 78, 0
2, 73020, Note_on_c, 0, 76, 100
2, 73080, Note_on_c, 0, 76, 0
2, 73080, Note_on_c, 0, 75, 100
2, 73200, Note_on_c, 0, 75, 0
2, 73200, Note_on_c, 0, 76, 100
2, 73680, Note_on_c, 0, 76, 0
2, 73680, Note_on_c, 0, 76, 100
2, 73720, Note_on_c, 0, 76, 0
2, 73720, Note_on_c, 0, 75, 100
2, 73760, Note_on_c, 0, 75, 0
2, 73760, Note_on_c, 0, 76, 100
2, 73800, Note_on_c, 0, 76, 0
2, 73800, Note_on_c, 0, 75, 100
2, 73920, Note_on_c, 0, 75, 0
2, 74160, Note_on_c, 0, 57, 100
2, 74400, Note_on_c, 0, 57, 0
2, 74400, Note_on_c, 0, 57, 100
2, 74440, Note_on_c, 0, 57, 0
2, 74440, Note_on_c, 0, 55, 100
2, 74480, Note_on_c, 0, 55, 0
2, 74480, Note_on_c, 0, 57, 100
2, 74520, Note_on_c, 0, 57, 0
2, 74520, Note_on_c, 0, 55, 100
2, 74640, Note_on_c, 0, 55, 0
2, 74640, Note_on_c, 0, 54, 100
2, 74880, Note_on_c, 0, 54, 0
2, 74880, Note_on_c, 0, 52, 100
2, 75120, Note_on_c, 0, 52, 0
2, 75360, Note_on_c, 0, 76, 100
2, 75600, Note_on_c, 0, 76, 0
2, 75840, Note_on_c, 0, 50, 100
2, 75880, Note_on_c, 0, 50, 0
2, 75900, Note_on_c, 0, 48, 100
2, 75940, Note_on_c, 0, 48, 0
2, 75960, Note_on_c, 0, 50, 100
2, 76320, Note_on_c, 0, 50, 0
2, 76320, Note_on_c, 0, 48, 100
2, 76560, Note_on_c, 0, 48, 0
2, 76800, Note_on_c, 0, 76, 100
2, 77040, Note_on_c, 0, 76, 0
2, 77280, Note_on_c, 0, 45, 100
2, 77320, Note_on_c, 0, 45, 0
2, 77340, Note_on_c, 0, 43, 100
2, 77380, Note_on_c, 0, 43, 0
2, 77400, Note_on_c, 0, 45, 100
2, 77760, Note_on_c, 0, 45, 0
2, 77760, Note_on_c, 0, 47, 100
2, 78000, Note_on_c, 0, 47, 0
2, 78240, Note_on_c, 0, 79, 100
2, 78480, Note_on_c, 0, 79, 0
2, 78480, Note_on_c, 0, 78, 100
2, 78720, Note_on_c, 0, 78, 0
2, 78720, Note_on_c, 0, 76, 100
2, 78960, Note_on_c, 0, 76, 0
2, 78960, Note_on_c, 0, 75, 100
2, 79200, Note_on_c, 0, 75, 0
2, 79200, Note_on_c, 0, 76, 100
2, 79440, Note_on_c, 0, 76, 0
2, 79680, Note_on_c, 0, 52, 100
2, 80280, Note_on_c, 0, 52, 0
2, 80280, Note_on_c, 0, 50, 100
2, 80400, Note_on_c, 0, 50, 0
2, 80400, Note_on_c, 0, 48, 100
2, 80520, Note_on_c, 0, 48, 0
2, 80520, Note_on_c, 0, 47, 100
2, 80640, Note_on_c, 0, 47, 0
2, 80640, Note_on_c, 0, 48, 100
2, 80760, Note_on_c, 0, 48, 0
2, 80760, Note_on_c, 0, 52, 100
2, 80880, Note_on_c, 0, 52, 0
2, 80880, Note_on_c, 0, 50, 100
2, 81000, Note_on_c, 0, 50, 0
2, 81000, Note_on_c, 0, 52, 100
2, 81120, Note_on_c, 0, 52, 0
2, 81120, Note_on_c, 0, 57, 100
2, 81240, Note_on_c, 0, 57, 0
2, 81240, Note_on_c, 0, 52, 100
2, 81360, Note_on_c, 0, 52, 0
2, 81360, Note_on_c, 0, 50, 100
2, 81480, Note_on_c, 0, 50, 0
2, 81480, Note_on_c, 0, 52, 100
2, 81600, Note_on_c, 0, 52, 0
2, 81600, Note_on_c, 0, 60, 100
2, 81720, Note_on_c, 0, 60, 0
2, 81720, Note_on_c, 0, 57, 100
2, 81840, Note_on_c, 0, 57, 0
2, 81840, Note_on_c, 0, 55, 100
2, 81960, Note_on_c, 0, 55, 0
2, 81960, Note_on_c, 0, 57, 100
2, 82080, Note_on_c, 0, 57, 0
2, 82080, Note_on_c, 0, 66, 100
2, 82200, Note_on_c, 0, 66, 0
2, 82200, Note_on_c, 0, 57, 100
2, 82320, Note_on_c, 0, 57, 0
2, 82320, Note_on_c, 0, 55, 100
2, 82440, Note_on_c, 0, 55, 0
2, 82440, Note_on_c, 0, 57, 100
2, 82560, Note_on_c, 0, 57, 0
2, 82560, Note_on_c, 0, 67, 100
2, 82680, Note_on_c, 0, 67, 0
2, 82680, Note_on_c, 0, 62, 100
2, 82800, Note_on_c, 0, 62, 0
2, 82800, Note_on_c, 0, 60, 100
2, 82920, Note_on_c, 0, 60, 0
2, 82920, Note_on_c, 0, 62, 100
2, 83040, Note_on_c, 0, 62, 0
2, 83040, Note_on_c, 0, 71, 100
2, 83160, Note_on_c, 0, 71, 0
2, 83160, Note_on_c, 0, 67, 100
2, 83280, Note_on_c, 0, 67, 0
2, 83280, Note_on_c, 0, 66, 100
2, 83400, Note_on_c, 0, 66, 0
2, 83400, Note_on_c, 0, 67, 100
2, 83520, Note_on_c, 0, 67, 0
2, 83520, Note_on_c, 0, 76, 100
2, 83640, Note_on_c, 0, 76, 0
2, 83640, Note_on_c, 0, 74, 100
2, 83760, Note_on_c, 0, 74, 0
2, 83760, Note_on_c, 0, 72, 100
2, 83880, Note_on_c, 0, 72, 0
2, 83880, Note_on_c, 0, 74, 100
2, 84000, Note_on_c, 0, 74, 0
2, 84000, Note_on_c, 0, 78, 100
2, 84120, Note_on_c, 0, 78, 0
2, 84120, Note_on_c, 0, 74, 100
2, 84240, Note_on_c, 0, 74, 0
2, 84240, Note_on_c, 0, 72, 100
2, 84360, Note_on_c, 0, 72, 0
2, 84360, Note_on_c, 0, 74, 100
2, 84480, Note_on_c, 0, 74, 0
2, 84480, Note_on_c, 0, 79, 100
2, 84600, Note_on_c, 0, 79, 0
2, 84600, Note_on_c, 0, 74, 100
2, 84720, Note_on_c, 0, 74, 0
2, 84720, Note_on_c, 0, 72, 100
2, 84840, Note_on_c, 0, 72, 0
2, 84840, Note_on_c, 0, 74, 100
2, 84960, Note_on_c, 0, 74, 0
2, 84960, Note_on_c, 0, 81, 100
2, 85080, Note_on_c, 0, 81, 0
2, 85080, Note_on_c, 0, 74, 100
2, 85200, Note_on_c, 0, 74, 0
2, 85200, Note_on_c, 0, 72, 100
2, 85320, Note_on_c, 0, 72, 0
2, 85320, Note_on_c, 0, 71, 100
2, 85440, Note_on_c, 0, 71, 0
2, 85440, Note_on_c, 0, 72, 100
2, 85560, Note_on_c, 0, 72, 0
2, 85560, Note_on_c, 0, 71, 100
2, 85680, Note_on_c, 0, 71, 0
2, 85680, Note_on_c, 0, 69, 100
2, 85800, Note_on_c, 0, 69, 0
2, 85800, Note_on_c, 0, 67, 100
2, 85920, Note_on_c, 0, 67, 0
2, 85920, Note_on_c, 0, 66, 100
2, 86040, Note_on_c, 0, 66, 0
2, 86040, Note_on_c, 0, 81, 100
2, 86160, Note_on_c, 0, 81, 0
2, 86160, Note_on_c, 0, 79, 100
2, 86280, Note_on_c, 0, 79, 0
2, 86280, Note_on_c, 0, 78, 100
2, 86400, Note_on_c, 0, 78, 0
2, 86400, Note_on_c, 0, 79, 100
2, 86640, Note_on_c, 0, 79, 0
2, 86640, Note_on_c, 0, 71, 100
2, 86880, Note_on_c, 0, 71, 0
2, 87120, Note_on_c, 0, 53, 100
2, 87360, Note_on_c, 0, 53, 0
2, 87360, Note_on_c, 0, 52, 100
2, 87600, Note_on_c, 0, 52, 0
2, 87600, Note_on_c, 0, 50, 100
2, 87840, Note_on_c, 0, 50, 0
2, 87840, Note_on_c, 0, 48, 100
2, 87960, Note_on_c, 0, 48, 0
2, 87960, Note_on_c, 0, 60, 100
2, 88080, Note_on_c, 0, 60, 0
2, 88080, Note_on_c, 0, 59, 100
2, 88200, Note_on_c, 0, 59, 0
2, 88200, Note_on_c, 0, 60, 100
2, 88320, Note_on_c, 0, 60, 0
2, 88320, Note_on_c, 0, 62, 100
2, 88440, Note_on_c, 0, 62, 0
2, 88440, Note_on_c, 0, 60, 100
2, 88560, Note_on_c, 0, 60, 0
2, 88560, Note_on_c, 0, 64, 100
2, 88680, Note_on_c, 0, 64, 0
2, 88680, Note_on_c, 0, 60, 100
2, 88800, Note_on_c, 0, 60, 0
2, 88800, Note_on_c, 0, 66, 100
2, 88920, Note_on_c, 0, 66, 0
2, 88920, Note_on_c, 0, 60, 100
2, 89040, Note_on_c, 0, 60, 0
2, 89040, Note_on_c, 0, 67, 100
2, 89160, Note_on_c, 0, 67, 0
2, 89160, Note_on_c, 0, 60, 100
2, 89280, Note_on_c, 0, 60, 0
2, 89280, Note_on_c, 0, 69, 100
2, 89400, Note_on_c, 0, 69, 0
2, 89400, Note_on_c, 0, 60, 100
2, 89520, Note_on_c, 0, 60, 0
2, 89520, Note_on_c, 0, 59, 100
2, 89640, Note_on_c, 0, 59, 0
2, 89640, Note_on_c, 0, 57, 100
2, 89760, Note_on_c, 0, 57, 0
2, 89760, Note_on_c, 0, 59, 100
2, 90000, Note_on_c, 0, 59, 0
2, 90000, Note_on_c, 0, 74, 100
2, 90240, Note_on_c, 0, 74, 0
2, 90240, Note_on_c, 0, 50, 100
2, 90480, Note_on_c, 0, 50, 0
2, 90480, Note_on_c, 0, 72, 100
2, 90720, Note_on_c, 0, 72, 0
2, 90720, Note_on_c, 0, 71, 100
2, 90840, Note_on_c, 0, 71, 0
2, 90840, Note_on_c, 0, 67, 100
2, 90960, Note_on_c, 0, 67, 0
2, 90960, Note_on_c, 0, 62, 100
2, 91080, Note_on_c, 0, 62, 0
2, 91080, Note_on_c, 0, 67, 100
2, 91200, Note_on_c, 0, 67, 0
2, 91200, Note_on_c, 0, 71, 100
2, 91320, Note_on_c, 0, 71, 0
2, 91320, Note_on_c, 0, 67, 100
2, 91440, Note_on_c, 0, 67, 0
2, 91440, Note_on_c, 0, 74, 100
2, 91560, Note_on_c, 0, 74, 0
2, 91560, Note_on_c, 0, 71, 100
2, 91680, Note_on_c, 0, 71, 0
2, 91680, Note_on_c, 0, 79, 100
2, 92160, Note_on_c, 0, 79, 0
2, 92160, End_track
3, 0, Start_track
3, 0, MIDI_port, 0
3, 0, Title_t, "--------------------------------------"
3, 0, Program_c, 1, 6
3, 0, Control_c, 1, 7, 100
3, 0, Control_c, 1, 10, 59
3, 0, Note_on_c, 1, 55, 100
3, 240, Note_on_c, 1, 55, 0
3, 480, Note_on_c, 1, 71, 100
3, 720, Note_on_c, 1, 71, 0
3, 960, Note_on_c, 1, 55, 100
3, 1440, Note_on_c, 1, 55, 0
3, 1440, Note_on_c, 1, 54, 100
3, 1680, Note_on_c, 1, 54, 0
3, 1920, Note_on_c, 1, 69, 100
3, 2160, Note_on_c, 1, 69, 0
3, 2400, Note_on_c, 1, 54, 100
3, 2880, Note_on_c, 1, 54, 0
3, 2880, Note_on_c, 1, 52, 100
3, 3120, Note_on_c, 1, 52, 0
3, 3360, Note_on_c, 1, 67, 100
3, 3600, Note_on_c, 1, 67, 0
3, 3840, Note_on_c, 1, 52, 100
3, 4320, Note_on_c, 1, 52, 0
3, 4320, Note_on_c, 1, 50, 100
3, 4560, Note_on_c, 1, 50, 0
3, 4800, Note_on_c, 1, 66, 100
3, 5040, Note_on_c, 1, 66, 0
3, 5280, Note_on_c, 1, 50, 100
3, 5520, Note_on_c, 1, 50, 0
3, 5520, Note_on_c, 1, 48, 100
3, 5760, Note_on_c, 1, 48, 0
3, 5760, Note_on_c, 1, 47, 100
3, 6000, Note_on_c, 1, 47, 0
3, 6240, Note_on_c, 1, 74, 100
3, 6480, Note_on_c, 1, 74, 0
3, 6720, Note_on_c, 1, 47, 100
3, 7200, Note_on_c, 1, 47, 0
3, 7200, Note_on_c, 1, 48, 100
3, 7440, Note_on_c, 1, 48, 0
3, 7680, Note_on_c, 1, 76, 100
3, 7920, Note_on_c, 1, 76, 0
3, 8160, Note_on_c, 1, 48, 100
3, 8640, Note_on_c, 1, 48, 0
3, 8640, Note_on_c, 1, 50, 100
3, 8880, Note_on_c, 1, 50, 0
3, 9120, Note_on_c, 1, 69, 100
3, 9360, Note_on_c, 1, 69, 0
3, 9600, Note_on_c, 1, 50, 100
3, 10080, Note_on_c, 1, 50, 0
3, 10080, Note_on_c, 1, 43, 100
3, 10320, Note_on_c, 1, 43, 0
3, 10560, Note_on_c, 1, 71, 100
3, 11160, Note_on_c, 1, 71, 0
3, 11160, Note_on_c, 1, 69, 100
3, 11280, Note_on_c, 1, 69, 0
3, 11280, Note_on_c, 1, 67, 100
3, 11400, Note_on_c, 1, 67, 0
3, 11400, Note_on_c, 1, 66, 100
3, 11520, Note_on_c, 1, 66, 0
3, 11520, Note_on_c, 1, 67, 100
3, 11640, Note_on_c, 1, 67, 0
3, 11640, Note_on_c, 1, 71, 100
3, 11760, Note_on_c, 1, 71, 0
3, 11760, Note_on_c, 1, 73, 100
3, 11880, Note_on_c, 1, 73, 0
3, 11880, Note_on_c, 1, 74, 100
3, 12000, Note_on_c, 1, 74, 0
3, 12000, Note_on_c, 1, 76, 100
3, 12120, Note_on_c, 1, 76, 0
3, 12120, Note_on_c, 1, 78, 100
3, 12240, Note_on_c, 1, 78, 0
3, 12240, Note_on_c, 1, 76, 100
3, 12360, Note_on_c, 1, 76, 0
3, 12360, Note_on_c, 1, 74, 100
3, 12480, Note_on_c, 1, 74, 0
3, 12480, Note_on_c, 1, 73, 100
3, 12600, Note_on_c, 1, 73, 0
3, 12600, Note_on_c, 1, 71, 100
3, 12720, Note_on_c, 1, 71, 0
3, 12720, Note_on_c, 1, 69, 100
3, 12840, Note_on_c, 1, 69, 0
3, 12840, Note_on_c, 1, 67, 100
3, 12960, Note_on_c, 1, 67, 0
3, 12960, Note_on_c, 1, 66, 100
3, 13080, Note_on_c, 1, 66, 0
3, 13080, Note_on_c, 1, 69, 100
3, 13200, Note_on_c, 1, 69, 0
3, 13200, Note_on_c, 1, 71, 100
3, 13320, Note_on_c, 1, 71, 0
3, 13320, Note_on_c, 1, 73, 100
3, 13440, Note_on_c, 1, 73, 0
3, 13440, Note_on_c, 1, 74, 100
3, 13560, Note_on_c, 1, 74, 0
3, 13560, Note_on_c, 1, 76, 100
3, 13680, Note_on_c, 1, 76, 0
3, 13680, Note_on_c, 1, 74, 100
3, 13800, Note_on_c, 1, 74, 0
3, 13800, Note_on_c, 1, 73, 100
3, 13920, Note_on_c, 1, 73, 0
3, 13920, Note_on_c, 1, 71, 100
3, 14040, Note_on_c, 1, 71, 0
3, 14040, Note_on_c, 1, 69, 100
3, 14160, Note_on_c, 1, 69, 0
3, 14160, Note_on_c, 1, 67, 100
3, 14280, Note_on_c, 1, 67, 0
3, 14280, Note_on_c, 1, 66, 100
3, 14400, Note_on_c, 1, 66, 0
3, 14400, Note_on_c, 1, 64, 100
3, 14640, Note_on_c, 1, 64, 0
3, 14640, Note_on_c, 1, 66, 100
3, 14880, Note_on_c, 1, 66, 0
3, 14880, Note_on_c, 1, 67, 100
3, 15120, Note_on_c, 1, 67, 0
3, 15120, Note_on_c, 1, 71, 100
3, 15360, Note_on_c, 1, 71, 0
3, 15360, Note_on_c, 1, 76, 100
3, 15400, Note_on_c, 1, 76, 0
3, 15400, Note_on_c, 1, 74, 100
3, 15440, Note_on_c, 1, 74, 0
3, 15440, Note_on_c, 1, 76, 100
3, 16080, Note_on_c, 1, 76, 0
3, 16080, Note_on_c, 1, 74, 100
3, 16320, Note_on_c, 1, 74, 0
3, 16320, Note_on_c, 1, 73, 100
3, 16440, Note_on_c, 1, 73, 0
3, 16440, Note_on_c, 1, 76, 100
3, 16560, Note_on_c, 1, 76, 0
3, 16560, Note_on_c, 1, 71, 100
3, 16680, Note_on_c, 1, 71, 0
3, 16680, Note_on_c, 1, 76, 100
3, 16800, Note_on_c, 1, 76, 0
3, 16800, Note_on_c, 1, 69, 100
3, 16920, Note_on_c, 1, 69, 0
3, 16920, Note_on_c, 1, 76, 100
3, 17040, Note_on_c, 1, 76, 0
3, 17040, Note_on_c, 1, 67, 100
3, 17160, Note_on_c, 1, 67, 0
3, 17160, Note_on_c, 1, 76, 100
3, 17280, Note_on_c, 1, 76, 0
3, 17280, Note_on_c, 1, 66, 100
3, 17400, Note_on_c, 1, 66, 0
3, 17400, Note_on_c, 1, 76, 100
3, 17520, Note_on_c, 1, 76, 0
3, 17520, Note_on_c, 1, 74, 100
3, 17640, Note_on_c, 1, 74, 0
3, 17640, Note_on_c, 1, 73, 100
3, 17760, Note_on_c, 1, 73, 0
3, 17760, Note_on_c, 1, 74, 100
3, 17880, Note_on_c, 1, 74, 0
3, 17880, Note_on_c, 1, 69, 100
3, 18000, Note_on_c, 1, 69, 0
3, 18000, Note_on_c, 1, 62, 100
3, 18120, Note_on_c, 1, 62, 0
3, 18120, Note_on_c, 1, 74, 100
3, 18240, Note_on_c, 1, 74, 0
3, 18240, Note_on_c, 1, 64, 100
3, 18360, Note_on_c, 1, 64, 0
3, 18360, Note_on_c, 1, 74, 100
3, 18480, Note_on_c, 1, 74, 0
3, 18480, Note_on_c, 1, 66, 100
3, 18600, Note_on_c, 1, 66, 0
3, 18600, Note_on_c, 1, 76, 100
3, 18720, Note_on_c, 1, 76, 0
3, 18720, Note_on_c, 1, 67, 100
3, 18840, Note_on_c, 1, 67, 0
3, 18840, Note_on_c, 1, 76, 100
3, 18960, Note_on_c, 1, 76, 0
3, 18960, Note_on_c, 1, 74, 100
3, 19080, Note_on_c, 1, 74, 0
3, 19080, Note_on_c, 1, 73, 100
3, 19200, Note_on_c, 1, 73, 0
3, 19200, Note_on_c, 1, 74, 100
3, 19320, Note_on_c, 1, 74, 0
3, 19320, Note_on_c, 1, 71, 100
3, 19440, Note_on_c, 1, 71, 0
3, 19440, Note_on_c, 1, 64, 100
3, 19560, Note_on_c, 1, 64, 0
3, 19560, Note_on_c, 1, 74, 100
3, 19680, Note_on_c, 1, 74, 0
3, 19680, Note_on_c, 1, 66, 100
3, 19800, Note_on_c, 1, 66, 0
3, 19800, Note_on_c, 1, 74, 100
3, 19920, Note_on_c, 1, 74, 0
3, 19920, Note_on_c, 1, 67, 100
3, 20040, Note_on_c, 1, 67, 0
3, 20040, Note_on_c, 1, 74, 100
3, 20160, Note_on_c, 1, 74, 0
3, 20160, Note_on_c, 1, 69, 100
3, 20280, Note_on_c, 1, 69, 0
3, 20280, Note_on_c, 1, 74, 100
3, 20400, Note_on_c, 1, 74, 0
3, 20400, Note_on_c, 1, 73, 100
3, 20520, Note_on_c, 1, 73, 0
3, 20520, Note_on_c, 1, 71, 100
3, 20640, Note_on_c, 1, 71, 0
3, 20640, Note_on_c, 1, 73, 100
3, 20760, Note_on_c, 1, 73, 0
3, 20760, Note_on_c, 1, 76, 100
3, 20880, Note_on_c, 1, 76, 0
3, 20880, Note_on_c, 1, 69, 100
3, 21000, Note_on_c, 1, 69, 0
3, 21000, Note_on_c, 1, 73, 100
3, 21120, Note_on_c, 1, 73, 0
3, 21120, Note_on_c, 1, 64, 100
3, 21240, Note_on_c, 1, 64, 0
3, 21240, Note_on_c, 1, 67, 100
3, 21360, Note_on_c, 1, 67, 0
3, 21360, Note_on_c, 1, 66, 100
3, 21480, Note_on_c, 1, 66, 0
3, 21480, Note_on_c, 1, 64, 100
3, 21600, Note_on_c, 1, 64, 0
3, 21600, Note_on_c, 1, 66, 100
3, 21720, Note_on_c, 1, 66, 0
3, 21720, Note_on_c, 1, 69, 100
3, 21840, Note_on_c, 1, 69, 0
3, 21840, Note_on_c, 1, 62, 100
3, 21960, Note_on_c, 1, 62, 0
3, 21960, Note_on_c, 1, 66, 100
3, 22080, Note_on_c, 1, 66, 0
3, 22080, Note_on_c, 1, 57, 100
3, 22200, Note_on_c, 1, 57, 0
3, 22200, Note_on_c, 1, 62, 100
3, 22320, Note_on_c, 1, 62, 0
3, 22320, Note_on_c, 1, 54, 100
3, 22440, Note_on_c, 1, 54, 0
3, 22440, Note_on_c, 1, 57, 100
3, 22560, Note_on_c, 1, 57, 0
3, 22560, Note_on_c, 1, 50, 100
3, 23040, Note_on_c, 1, 50, 0
3, 23040, Note_on_c, 1, 55, 100
3, 23280, Note_on_c, 1, 55, 0
3, 23520, Note_on_c, 1, 71, 100
3, 23760, Note_on_c, 1, 71, 0
3, 24000, Note_on_c, 1, 55, 100
3, 24480, Note_on_c, 1, 55, 0
3, 24480, Note_on_c, 1, 54, 100
3, 24720, Note_on_c, 1, 54, 0
3, 24960, Note_on_c, 1, 69, 100
3, 25200, Note_on_c, 1, 69, 0
3, 25440, Note_on_c, 1, 54, 100
3, 25920, Note_on_c, 1, 54, 0
3, 25920, Note_on_c, 1, 52, 100
3, 26160, Note_on_c, 1, 52, 0
3, 26400, Note_on_c, 1, 67, 100
3, 26640, Note_on_c, 1, 67, 0
3, 26880, Note_on_c, 1, 52, 100
3, 27360, Note_on_c, 1, 52, 0
3, 27360, Note_on_c, 1, 50, 100
3, 27600, Note_on_c, 1, 50, 0
3, 27840, Note_on_c, 1, 66, 100
3, 28080, Note_on_c, 1, 66, 0
3, 28320, Note_on_c, 1, 50, 100
3, 28560, Note_on_c, 1, 50, 0
3, 28560, Note_on_c, 1, 48, 100
3, 28800, Note_on_c, 1, 48, 0
3, 28800, Note_on_c, 1, 47, 100
3, 29040, Note_on_c, 1, 47, 0
3, 29280, Note_on_c, 1, 74, 100
3, 29520, Note_on_c, 1, 74, 0
3, 29760, Note_on_c, 1, 47, 100
3, 30240, Note_on_c, 1, 47, 0
3, 30240, Note_on_c, 1, 48, 100
3, 30480, Note_on_c, 1, 48, 0
3, 30720, Note_on_c, 1, 76, 100
3, 30960, Note_on_c, 1, 76, 0
3, 31200, Note_on_c, 1, 48, 100
3, 31680, Note_on_c, 1, 48, 0
3, 31680, Note_on_c, 1, 50, 100
3, 31920, Note_on_c, 1, 50, 0
3, 32160, Note_on_c, 1, 69, 100
3, 32400, Note_on_c, 1, 69, 0
3, 32640, Note_on_c, 1, 50, 100
3, 33120, Note_on_c, 1, 50, 0
3, 33120, Note_on_c, 1, 43, 100
3, 33360, Note_on_c, 1, 43, 0
3, 33600, Note_on_c, 1, 71, 100
3, 34200, Note_on_c, 1, 71, 0
3, 34200, Note_on_c, 1, 69, 100
3, 34320, Note_on_c, 1, 69, 0
3, 34320, Note_on_c, 1, 67, 100
3, 34440, Note_on_c, 1, 67, 0
3, 34440, Note_on_c, 1, 66, 100
3, 34560, Note_on_c, 1, 66, 0
3, 34560, Note_on_c, 1, 67, 100
3, 34680, Note_on_c, 1, 67, 0
3, 34680, Note_on_c, 1, 71, 100
3, 34800, Note_on_c, 1, 71, 0
3, 34800, Note_on_c, 1, 73, 100
3, 34920, Note_on_c, 1, 73, 0
3, 34920, Note_on_c, 1, 74, 100
3, 35040, Note_on_c, 1, 74, 0
3, 35040, Note_on_c, 1, 76, 100
3, 35160, Note_on_c, 1, 76, 0
3, 35160, Note_on_c, 1, 78, 100
3, 35280, Note_on_c, 1, 78, 0
3, 35280, Note_on_c, 1, 76, 100
3, 35400, Note_on_c, 1, 76, 0
3, 35400, Note_on_c, 1, 74, 100
3, 35520, Note_on_c, 1, 74, 0
3, 35520, Note_on_c, 1, 73, 100
3, 35640, Note_on_c, 1, 73, 0
3, 35640, Note_on_c, 1, 71, 100
3, 35760, Note_on_c, 1, 71, 0
3, 35760, Note_on_c, 1, 69, 100
3, 35880, Note_on_c, 1, 69, 0
3, 35880, Note_on_c, 1, 67, 100
3, 36000, Note_on_c, 1, 67, 0
3, 36000, Note_on_c, 1, 66, 100
3, 36120, Note_on_c, 1, 66, 0
3, 36120, Note_on_c, 1, 69, 100
3, 36240, Note_on_c, 1, 69, 0
3, 36240, Note_on_c, 1, 71, 100
3, 36360, Note_on_c, 1, 71, 0
3, 36360, Note_on_c, 1, 73, 100
3, 36480, Note_on_c, 1, 73, 0
3, 36480, Note_on_c, 1, 74, 100
3, 36600, Note_on_c, 1, 74, 0
3, 36600, Note_on_c, 1, 76, 100
3, 36720, Note_on_c, 1, 76, 0
3, 36720, Note_on_c, 1, 74, 100
3, 36840, Note_on_c, 1, 74, 0
3, 36840, Note_on_c, 1, 73, 100
3, 36960, Note_on_c, 1, 73, 0
3, 36960, Note_on_c, 1, 71, 100
3, 37080, Note_on_c, 1, 71, 0
3, 37080, Note_on_c, 1, 69, 100
3, 37200, Note_on_c, 1, 69, 0
3, 37200, Note_on_c, 1, 67, 100
3, 37320, Note_on_c, 1, 67, 0
3, 37320, Note_on_c, 1, 66, 100
3, 37440, Note_on_c, 1, 66, 0
3, 37440, Note_on_c, 1, 64, 100
3, 37680, Note_on_c, 1, 64, 0
3, 37680, Note_on_c, 1, 66, 100
3, 37920, Note_on_c, 1, 66, 0
3, 37920, Note_on_c, 1, 67, 100
3, 38160, Note_on_c, 1, 67, 0
3, 38160, Note_on_c, 1, 71, 100
3, 38400, Note_on_c, 1, 71, 0
3, 38400, Note_on_c, 1, 76, 100
3, 38440, Note_on_c, 1, 76, 0
3, 38440, Note_on_c, 1, 74, 100
3, 38480, Note_on_c, 1, 74, 0
3, 38480, Note_on_c, 1, 76, 100
3, 39120, Note_on_c, 1, 76, 0
3, 39120, Note_on_c, 1, 74, 100
3, 39360, Note_on_c, 1, 74, 0
3, 39360, Note_on_c, 1, 73, 100
3, 39480, Note_on_c, 1, 73, 0
3, 39480, Note_on_c, 1, 76, 100
3, 39600, Note_on_c, 1, 76, 0
3, 39600, Note_on_c, 1, 71, 100
3, 39720, Note_on_c, 1, 71, 0
3, 39720, Note_on_c, 1, 76, 100
3, 39840, Note_on_c, 1, 76, 0
3, 39840, Note_on_c, 1, 69, 100
3, 39960, Note_on_c, 1, 69, 0
3, 39960, Note_on_c, 1, 76, 100
3, 40080, Note_on_c, 1, 76, 0
3, 40080, Note_on_c, 1, 67, 100
3, 40200, Note_on_c, 1, 67, 0
3, 40200, Note_on_c, 1, 76, 100
3, 40320, Note_on_c, 1, 76, 0
3, 40320, Note_on_c, 1, 66, 100
3, 40440, Note_on_c, 1, 66, 0
3, 40440, Note_on_c, 1, 76, 100
3, 40560, Note_on_c, 1, 76, 0
3, 40560, Note_on_c, 1, 74, 100
3, 40680, Note_on_c, 1, 74, 0
3, 40680, Note_on_c, 1, 73, 100
3, 40800, Note_on_c, 1, 73, 0
3, 40800, Note_on_c, 1, 74, 100
3, 40920, Note_on_c, 1, 74, 0
3, 40920, Note_on_c, 1, 69, 100
3, 41040, Note_on_c, 1, 69, 0
3, 41040, Note_on_c, 1, 62, 100
3, 41160, Note_on_c, 1, 62, 0
3, 41160, Note_on_c, 1, 74, 100
3, 41280, Note_on_c, 1, 74, 0
3, 41280, Note_on_c, 1, 64, 100
3, 41400, Note_on_c, 1, 64, 0
3, 41400, Note_on_c, 1, 74, 100
3, 41520, Note_on_c, 1, 74, 0
3, 41520, Note_on_c, 1, 66, 100
3, 41640, Note_on_c, 1, 66, 0
3, 41640, Note_on_c, 1, 76, 100
3, 41760, Note_on_c, 1, 76, 0
3, 41760, Note_on_c, 1, 67, 100
3, 41880, Note_on_c, 1, 67, 0
3, 41880, Note_on_c, 1, 76, 100
3, 42000, Note_on_c, 1, 76, 0
3, 42000, Note_on_c, 1, 74, 100
3, 42120, Note_on_c, 1, 74, 0
3, 42120, Note_on_c, 1, 73, 100
3, 42240, Note_on_c, 1, 73, 0
3, 42240, Note_on_c, 1, 74, 100
3, 42360, Note_on_c, 1, 74, 0
3, 42360, Note_on_c, 1, 71, 100
3, 42480, Note_on_c, 1, 71, 0
3, 42480, Note_on_c, 1, 64, 100
3, 42600, Note_on_c, 1, 64, 0
3, 42600, Note_on_c, 1, 74, 100
3, 42720, Note_on_c, 1, 74, 0
3, 42720, Note_on_c, 1, 66, 100
3, 42840, Note_on_c, 1, 66, 0
3, 42840, Note_on_c, 1, 74, 100
3, 42960, Note_on_c, 1, 74, 0
3, 42960, Note_on_c, 1, 67, 100
3, 43080, Note_on_c, 1, 67, 0
3, 43080, Note_on_c, 1, 74, 100
3, 43200, Note_on_c, 1, 74, 0
3, 43200, Note_on_c, 1, 69, 100
3, 43320, Note_on_c, 1, 69, 0
3, 43320, Note_on_c, 1, 74, 100
3, 43440, Note_on_c, 1, 74, 0
3, 43440, Note_on_c, 1, 73, 100
3, 43560, Note_on_c, 1, 73, 0
3, 43560, Note_on_c, 1, 71, 100
3, 43680, Note_on_c, 1, 71, 0
3, 43680, Note_on_c, 1, 73, 100
3, 43800, Note_on_c, 1, 73, 0
3, 43800, Note_on_c, 1, 76, 100
3, 43920, Note_on_c, 1, 76, 0
3, 43920, Note_on_c, 1, 69, 100
3, 44040, Note_on_c, 1, 69, 0
3, 44040, Note_on_c, 1, 73, 100
3, 44160, Note_on_c, 1, 73, 0
3, 44160, Note_on_c, 1, 64, 100
3, 44280, Note_on_c, 1, 64, 0
3, 44280, Note_on_c, 1, 67, 100
3, 44400, Note_on_c, 1, 67, 0
3, 44400, Note_on_c, 1, 66, 100
3, 44520, Note_on_c, 1, 66, 0
3, 44520, Note_on_c, 1, 64, 100
3, 44640, Note_on_c, 1, 64, 0
3, 44640, Note_on_c, 1, 66, 100
3, 44760, Note_on_c, 1, 66, 0
3, 44760, Note_on_c, 1, 69, 100
3, 44880, Note_on_c, 1, 69, 0
3, 44880, Note_on_c, 1, 62, 100
3, 45000, Note_on_c, 1, 62, 0
3, 45000, Note_on_c, 1, 66, 100
3, 45120, Note_on_c, 1, 66, 0
3, 45120, Note_on_c, 1, 57, 100
3, 45240, Note_on_c, 1, 57, 0
3, 45240, Note_on_c, 1, 62, 100
3, 45360, Note_on_c, 1, 62, 0
3, 45360, Note_on_c, 1, 54, 100
3, 45480, Note_on_c, 1, 54, 0
3, 45480, Note_on_c, 1, 57, 100
3, 45600, Note_on_c, 1, 57, 0
3, 45600, Note_on_c, 1, 50, 100
3, 46080, Note_on_c, 1, 50, 0
3, 46200, Note_on_c, 1, 74, 100
3, 46320, Note_on_c, 1, 74, 0
3, 46320, Note_on_c, 1, 72, 100
3, 46440, Note_on_c, 1, 72, 0
3, 46440, Note_on_c, 1, 71, 100
3, 46560, Note_on_c, 1, 71, 0
3, 46560, Note_on_c, 1, 69, 100
3, 46680, Note_on_c, 1, 69, 0
3, 46680, Note_on_c, 1, 67, 100
3, 46800, Note_on_c, 1, 67, 0
3, 46800, Note_on_c, 1, 66, 100
3, 46920, Note_on_c, 1, 66, 0
3, 46920, Note_on_c, 1, 64, 100
3, 47040, Note_on_c, 1, 64, 0
3, 47040, Note_on_c, 1, 62, 100
3, 47160, Note_on_c, 1, 62, 0
3, 47160, Note_on_c, 1, 72, 100
3, 47280, Note_on_c, 1, 72, 0
3, 47280, Note_on_c, 1, 71, 100
3, 47400, Note_on_c, 1, 71, 0
3, 47400, Note_on_c, 1, 69, 100
3, 47520, Note_on_c, 1, 69, 0
3, 47520, Note_on_c, 1, 71, 100
3, 47640, Note_on_c, 1, 71, 0
3, 47640, Note_on_c, 1, 67, 100
3, 47760, Note_on_c, 1, 67, 0
3, 47760, Note_on_c, 1, 66, 100
3, 47880, Note_on_c, 1, 66, 0
3, 47880, Note_on_c, 1, 64, 100
3, 48000, Note_on_c, 1, 64, 0
3, 48000, Note_on_c, 1, 62, 100
3, 48120, Note_on_c, 1, 62, 0
3, 48120, Note_on_c, 1, 60, 100
3, 48240, Note_on_c, 1, 60, 0
3, 48240, Note_on_c, 1, 59, 100
3, 48360, Note_on_c, 1, 59, 0
3, 48360, Note_on_c, 1, 57, 100
3, 48480, Note_on_c, 1, 57, 0
3, 48480, Note_on_c, 1, 55, 100
3, 48600, Note_on_c, 1, 55, 0
3, 48600, Note_on_c, 1, 67, 100
3, 48720, Note_on_c, 1, 67, 0
3, 48720, Note_on_c, 1, 69, 100
3, 48840, Note_on_c, 1, 69, 0
3, 48840, Note_on_c, 1, 71, 100
3, 48960, Note_on_c, 1, 71, 0
3, 48960, Note_on_c, 1, 72, 100
3, 49080, Note_on_c, 1, 72, 0
3, 49080, Note_on_c, 1, 74, 100
3, 49200, Note_on_c, 1, 74, 0
3, 49200, Note_on_c, 1, 76, 100
3, 49320, Note_on_c, 1, 76, 0
3, 49320, Note_on_c, 1, 74, 100
3, 49440, Note_on_c, 1, 74, 0
3, 49440, Note_on_c, 1, 72, 100
3, 49560, Note_on_c, 1, 72, 0
3, 49560, Note_on_c, 1, 71, 100
3, 49680, Note_on_c, 1, 71, 0
3, 49680, Note_on_c, 1, 69, 100
3, 49800, Note_on_c, 1, 69, 0
3, 49800, Note_on_c, 1, 67, 100
3, 49920, Note_on_c, 1, 67, 0
3, 49920, Note_on_c, 1, 69, 100
3, 50040, Note_on_c, 1, 69, 0
3, 50040, Note_on_c, 1, 71, 100
3, 50160, Note_on_c, 1, 71, 0
3, 50160, Note_on_c, 1, 72, 100
3, 50280, Note_on_c, 1, 72, 0
3, 50280, Note_on_c, 1, 69, 100
3, 50400, Note_on_c, 1, 69, 0
3, 50400, Note_on_c, 1, 71, 100
3, 50520, Note_on_c, 1, 71, 0
3, 50520, Note_on_c, 1, 69, 100
3, 50640, Note_on_c, 1, 69, 0
3, 50640, Note_on_c, 1, 71, 100
3, 50760, Note_on_c, 1, 71, 0
3, 50760, Note_on_c, 1, 66, 100
3, 50880, Note_on_c, 1, 66, 0
3, 50880, Note_on_c, 1, 59, 100
3, 51000, Note_on_c, 1, 59, 0
3, 51000, Note_on_c, 1, 61, 100
3, 51120, Note_on_c, 1, 61, 0
3, 51120, Note_on_c, 1, 63, 100
3, 51240, Note_on_c, 1, 63, 0
3, 51240, Note_on_c, 1, 64, 100
3, 51360, Note_on_c, 1, 64, 0
3, 51360, Note_on_c, 1, 66, 100
3, 51480, Note_on_c, 1, 66, 0
3, 51480, Note_on_c, 1, 67, 100
3, 51600, Note_on_c, 1, 67, 0
3, 51600, Note_on_c, 1, 69, 100
3, 51720, Note_on_c, 1, 69, 0
3, 51720, Note_on_c, 1, 66, 100
3, 51840, Note_on_c, 1, 66, 0
3, 51840, Note_on_c, 1, 67, 100
3, 51960, Note_on_c, 1, 67, 0
3, 51960, Note_on_c, 1, 71, 100
3, 52080, Note_on_c, 1, 71, 0
3, 52080, Note_on_c, 1, 67, 100
3, 52200, Note_on_c, 1, 67, 0
3, 52200, Note_on_c, 1, 64, 100
3, 52320, Note_on_c, 1, 64, 0
3, 52320, Note_on_c, 1, 67, 100
3, 52440, Note_on_c, 1, 67, 0
3, 52440, Note_on_c, 1, 71, 100
3, 52560, Note_on_c, 1, 71, 0
3, 52560, Note_on_c, 1, 67, 100
3, 52680, Note_on_c, 1, 67, 0
3, 52680, Note_on_c, 1, 64, 100
3, 52800, Note_on_c, 1, 64, 0
3, 52800, Note_on_c, 1, 67, 100
3, 52920, Note_on_c, 1, 67, 0
3, 52920, Note_on_c, 1, 71, 100
3, 53040, Note_on_c, 1, 71, 0
3, 53040, Note_on_c, 1, 67, 100
3, 53160, Note_on_c, 1, 67, 0
3, 53160, Note_on_c, 1, 64, 100
3, 53280, Note_on_c, 1, 64, 0
3, 53280, Note_on_c, 1, 69, 100
3, 53400, Note_on_c, 1, 69, 0
3, 53400, Note_on_c, 1, 72, 100
3, 53520, Note_on_c, 1, 72, 0
3, 53520, Note_on_c, 1, 69, 100
3, 53640, Note_on_c, 1, 69, 0
3, 53640, Note_on_c, 1, 64, 100
3, 53760, Note_on_c, 1, 64, 0
3, 53760, Note_on_c, 1, 67, 100
3, 53880, Note_on_c, 1, 67, 0
3, 53880, Note_on_c, 1, 72, 100
3, 54000, Note_on_c, 1, 72, 0
3, 54000, Note_on_c, 1, 67, 100
3, 54120, Note_on_c, 1, 67, 0
3, 54120, Note_on_c, 1, 64, 100
3, 54240, Note_on_c, 1, 64, 0
3, 54240, Note_on_c, 1, 66, 100
3, 54360, Note_on_c, 1, 66, 0
3, 54360, Note_on_c, 1, 72, 100
3, 54480, Note_on_c, 1, 72, 0
3, 54480, Note_on_c, 1, 66, 100
3, 54600, Note_on_c, 1, 66, 0
3, 54600, Note_on_c, 1, 64, 100
3, 54720, Note_on_c, 1, 64, 0
3, 54720, Note_on_c, 1, 67, 100
3, 54840, Note_on_c, 1, 67, 0
3, 54840, Note_on_c, 1, 71, 100
3, 54960, Note_on_c, 1, 71, 0
3, 54960, Note_on_c, 1, 67, 100
3, 55080, Note_on_c, 1, 67, 0
3, 55080, Note_on_c, 1, 64, 100
3, 55200, Note_on_c, 1, 64, 0
3, 55200, Note_on_c, 1, 59, 100
3, 55320, Note_on_c, 1, 59, 0
3, 55320, Note_on_c, 1, 71, 100
3, 55440, Note_on_c, 1, 71, 0
3, 55440, Note_on_c, 1, 69, 100
3, 55560, Note_on_c, 1, 69, 0
3, 55560, Note_on_c, 1, 71, 100
3, 55680, Note_on_c, 1, 71, 0
3, 55680, Note_on_c, 1, 67, 100
3, 55800, Note_on_c, 1, 67, 0
3, 55800, Note_on_c, 1, 71, 100
3, 55920, Note_on_c, 1, 71, 0
3, 55920, Note_on_c, 1, 66, 100
3, 56040, Note_on_c, 1, 66, 0
3, 56040, Note_on_c, 1, 71, 100
3, 56160, Note_on_c, 1, 71, 0
3, 56160, Note_on_c, 1, 67, 100
3, 56280, Note_on_c, 1, 67, 0
3, 56280, Note_on_c, 1, 64, 100
3, 56400, Note_on_c, 1, 64, 0
3, 56400, Note_on_c, 1, 67, 100
3, 56520, Note_on_c, 1, 67, 0
3, 56520, Note_on_c, 1, 71, 100
3, 56640, Note_on_c, 1, 71, 0
3, 56640, Note_on_c, 1, 76, 100
3, 56760, Note_on_c, 1, 76, 0
3, 56760, Note_on_c, 1, 71, 100
3, 56880, Note_on_c, 1, 71, 0
3, 56880, Note_on_c, 1, 67, 100
3, 57000, Note_on_c, 1, 67, 0
3, 57000, Note_on_c, 1, 71, 100
3, 57120, Note_on_c, 1, 71, 0
3, 57120, Note_on_c, 1, 64, 100
3, 57360, Note_on_c, 1, 64, 0
3, 57600, Note_on_c, 1, 64, 100
3, 57840, Note_on_c, 1, 64, 0
3, 58080, Note_on_c, 1, 48, 100
3, 58320, Note_on_c, 1, 48, 0
3, 58560, Note_on_c, 1, 64, 100
3, 59040, Note_on_c, 1, 64, 0
3, 59040, Note_on_c, 1, 62, 100
3, 59280, Note_on_c, 1, 62, 0
3, 59520, Note_on_c, 1, 47, 100
3, 59760, Note_on_c, 1, 47, 0
3, 60000, Note_on_c, 1, 62, 100
3, 60480, Note_on_c, 1, 62, 0
3, 60480, Note_on_c, 1, 60, 100
3, 60720, Note_on_c, 1, 60, 0
3, 60720, Note_on_c, 1, 59, 100
3, 60960, Note_on_c, 1, 59, 0
3, 60960, Note_on_c, 1, 57, 100
3, 61200, Note_on_c, 1, 57, 0
3, 61200, Note_on_c, 1, 55, 100
3, 61440, Note_on_c, 1, 55, 0
3, 61440, Note_on_c, 1, 54, 100
3, 61680, Note_on_c, 1, 54, 0
3, 61680, Note_on_c, 1, 52, 100
3, 61920, Note_on_c, 1, 52, 0
3, 61920, Note_on_c, 1, 54, 100
3, 62160, Note_on_c, 1, 54, 0
3, 62160, Note_on_c, 1, 55, 100
3, 62280, Note_on_c, 1, 55, 0
3, 62280, Note_on_c, 1, 57, 100
3, 62400, Note_on_c, 1, 57, 0
3, 62400, Note_on_c, 1, 50, 100
3, 63000, Note_on_c, 1, 50, 0
3, 63000, Note_on_c, 1, 60, 100
3, 63120, Note_on_c, 1, 60, 0
3, 63120, Note_on_c, 1, 59, 100
3, 63240, Note_on_c, 1, 59, 0
3, 63240, Note_on_c, 1, 57, 100
3, 63360, Note_on_c, 1, 57, 0
3, 63360, Note_on_c, 1, 59, 100
3, 63480, Note_on_c, 1, 59, 0
3, 63480, Note_on_c, 1, 55, 100
3, 63600, Note_on_c, 1, 55, 0
3, 63600, Note_on_c, 1, 54, 100
3, 63720, Note_on_c, 1, 54, 0
3, 63720, Note_on_c, 1, 55, 100
3, 63840, Note_on_c, 1, 55, 0
3, 63840, Note_on_c, 1, 57, 100
3, 63960, Note_on_c, 1, 57, 0
3, 63960, Note_on_c, 1, 55, 100
3, 64080, Note_on_c, 1, 55, 0
3, 64080, Note_on_c, 1, 59, 100
3, 64200, Note_on_c, 1, 59, 0
3, 64200, Note_on_c, 1, 55, 100
3, 64320, Note_on_c, 1, 55, 0
3, 64320, Note_on_c, 1, 60, 100
3, 64440, Note_on_c, 1, 60, 0
3, 64440, Note_on_c, 1, 55, 100
3, 64560, Note_on_c, 1, 55, 0
3, 64560, Note_on_c, 1, 62, 100
3, 64680, Note_on_c, 1, 62, 0
3, 64680, Note_on_c, 1, 55, 100
3, 64800, Note_on_c, 1, 55, 0
3, 64800, Note_on_c, 1, 64, 100
3, 65040, Note_on_c, 1, 64, 0
3, 65040, Note_on_c, 1, 55, 100
3, 65280, Note_on_c, 1, 55, 0
3, 65520, Note_on_c, 1, 59, 100
3, 65760, Note_on_c, 1, 59, 0
3, 65760, Note_on_c, 1, 57, 100
3, 66000, Note_on_c, 1, 57, 0
3, 66000, Note_on_c, 1, 55, 100
3, 66240, Note_on_c, 1, 55, 0
3, 66240, Note_on_c, 1, 54, 100
3, 66360, Note_on_c, 1, 54, 0
3, 66360, Note_on_c, 1, 62, 100
3, 66480, Note_on_c, 1, 62, 0
3, 66480, Note_on_c, 1, 64, 100
3, 66600, Note_on_c, 1, 64, 0
3, 66600, Note_on_c, 1, 66, 100
3, 66720, Note_on_c, 1, 66, 0
3, 66720, Note_on_c, 1, 67, 100
3, 66840, Note_on_c, 1, 67, 0
3, 66840, Note_on_c, 1, 62, 100
3, 66960, Note_on_c, 1, 62, 0
3, 66960, Note_on_c, 1, 59, 100
3, 67080, Note_on_c, 1, 59, 0
3, 67080, Note_on_c, 1, 55, 100
3, 67200, Note_on_c, 1, 55, 0
3, 67200, Note_on_c, 1, 57, 100
3, 67320, Note_on_c, 1, 57, 0
3, 67320, Note_on_c, 1, 60, 100
3, 67440, Note_on_c, 1, 60, 0
3, 67440, Note_on_c, 1, 67, 100
3, 67560, Note_on_c, 1, 67, 0
3, 67560, Note_on_c, 1, 66, 100
3, 67680, Note_on_c, 1, 66, 0
3, 67680, Note_on_c, 1, 67, 100
3, 67920, Note_on_c, 1, 67, 0
3, 67920, Note_on_c, 1, 55, 100
3, 68160, Note_on_c, 1, 55, 0
3, 68160, Note_on_c, 1, 50, 100
3, 68400, Note_on_c, 1, 50, 0
3, 68400, Note_on_c, 1, 47, 100
3, 68640, Note_on_c, 1, 47, 0
3, 68640, Note_on_c, 1, 43, 100
3, 69120, Note_on_c, 1, 43, 0
3, 69240, Note_on_c, 1, 74, 100
3, 69360, Note_on_c, 1, 74, 0
3, 69360, Note_on_c, 1, 72, 100
3, 69480, Note_on_c, 1, 72, 0
3, 69480, Note_on_c, 1, 71, 100
3, 69600, Note_on_c, 1, 71, 0
3, 69600, Note_on_c, 1, 69, 100
3, 69720, Note_on_c, 1, 69, 0
3, 69720, Note_on_c, 1, 67, 100
3, 69840, Note_on_c, 1, 67, 0
3, 69840, Note_on_c, 1, 66, 100
3, 69960, Note_on_c, 1, 66, 0
3, 69960, Note_on_c, 1, 64, 100
3, 70080, Note_on_c, 1, 64, 0
3, 70080, Note_on_c, 1, 62, 100
3, 70200, Note_on_c, 1, 62, 0
3, 70200, Note_on_c, 1, 72, 100
3, 70320, Note_on_c, 1, 72, 0
3, 70320, Note_on_c, 1, 71, 100
3, 70440, Note_on_c, 1, 71, 0
3, 70440, Note_on_c, 1, 69, 100
3, 70560, Note_on_c, 1, 69, 0
3, 70560, Note_on_c, 1, 71, 100
3, 70680, Note_on_c, 1, 71, 0
3, 70680, Note_on_c, 1, 67, 100
3, 70800, Note_on_c, 1, 67, 0
3, 70800, Note_on_c, 1, 66, 100
3, 70920, Note_on_c, 1, 66, 0
3, 70920, Note_on_c, 1, 64, 100
3, 71040, Note_on_c, 1, 64, 0
3, 71040, Note_on_c, 1, 62, 100
3, 71160, Note_on_c, 1, 62, 0
3, 71160, Note_on_c, 1, 60, 100
3, 71280, Note_on_c, 1, 60, 0
3, 71280, Note_on_c, 1, 59, 100
3, 71400, Note_on_c, 1, 59, 0
3, 71400, Note_on_c, 1, 57, 100
3, 71520, Note_on_c, 1, 57, 0
3, 71520, Note_on_c, 1, 55, 100
3, 71640, Note_on_c, 1, 55, 0
3, 71640, Note_on_c, 1, 67, 100
3, 71760, Note_on_c, 1, 67, 0
3, 71760, Note_on_c, 1, 69, 100
3, 71880, Note_on_c, 1, 69, 0
3, 71880, Note_on_c, 1, 71, 100
3, 72000, Note_on_c, 1, 71, 0
3, 72000, Note_on_c, 1, 72, 100
3, 72120, Note_on_c, 1, 72, 0
3, 72120, Note_on_c, 1, 74, 100
3, 72240, Note_on_c, 1, 74, 0
3, 72240, Note_on_c, 1, 76, 100
3, 72360, Note_on_c, 1, 76, 0
3, 72360, Note_on_c, 1, 74, 100
3, 72480, Note_on_c, 1, 74, 0
3, 72480, Note_on_c, 1, 72, 100
3, 72600, Note_on_c, 1, 72, 0
3, 72600, Note_on_c, 1, 71, 100
3, 72720, Note_on_c, 1, 71, 0
3, 72720, Note_on_c, 1, 69, 100
3, 72840, Note_on_c, 1, 69, 0
3, 72840, Note_on_c, 1, 67, 100
3, 72960, Note_on_c, 1, 67, 0
3, 72960, Note_on_c, 1, 69, 100
3, 73080, Note_on_c, 1, 69, 0
3, 73080, Note_on_c, 1, 71, 100
3, 73200, Note_on_c, 1, 71, 0
3, 73200, Note_on_c, 1, 72, 100
3, 73320, Note_on_c, 1, 72, 0
3, 73320, Note_on_c, 1, 69, 100
3, 73440, Note_on_c, 1, 69, 0
3, 73440, Note_on_c, 1, 71, 100
3, 73560, Note_on_c, 1, 71, 0
3, 73560, Note_on_c, 1, 69, 100
3, 73680, Note_on_c, 1, 69, 0
3, 73680, Note_on_c, 1, 71, 100
3, 73800, Note_on_c, 1, 71, 0
3, 73800, Note_on_c, 1, 66, 100
3, 73920, Note_on_c, 1, 66, 0
3, 73920, Note_on_c, 1, 59, 100
3, 74040, Note_on_c, 1, 59, 0
3, 74040, Note_on_c, 1, 61, 100
3, 74160, Note_on_c, 1, 61, 0
3, 74160, Note_on_c, 1, 63, 100
3, 74280, Note_on_c, 1, 63, 0
3, 74280, Note_on_c, 1, 64, 100
3, 74400, Note_on_c, 1, 64, 0
3, 74400, Note_on_c, 1, 66, 100
3, 74520, Note_on_c, 1, 66, 0
3, 74520, Note_on_c, 1, 67, 100
3, 74640, Note_on_c, 1, 67, 0
3, 74640, Note_on_c, 1, 69, 100
3, 74760, Note_on_c, 1, 69, 0
3, 74760, Note_on_c, 1, 66, 100
3, 74880, Note_on_c, 1, 66, 0
3, 74880, Note_on_c, 1, 67, 100
3, 75000, Note_on_c, 1, 67, 0
3, 75000, Note_on_c, 1, 71, 100
3, 75120, Note_on_c, 1, 71, 0
3, 75120, Note_on_c, 1, 67, 100
3, 75240, Note_on_c, 1, 67, 0
3, 75240, Note_on_c, 1, 64, 100
3, 75360, Note_on_c, 1, 64, 0
3, 75360, Note_on_c, 1, 67, 100
3, 75480, Note_on_c, 1, 67, 0
3, 75480, Note_on_c, 1, 71, 100
3, 75600, Note_on_c, 1, 71, 0
3, 75600, Note_on_c, 1, 67, 100
3, 75720, Note_on_c, 1, 67, 0
3, 75720, Note_on_c, 1, 64, 100
3, 75840, Note_on_c, 1, 64, 0
3, 75840, Note_on_c, 1, 67, 100
3, 75960, Note_on_c, 1, 67, 0
3, 75960, Note_on_c, 1, 71, 100
3, 76080, Note_on_c, 1, 71, 0
3, 76080, Note_on_c, 1, 67, 100
3, 76200, Note_on_c, 1, 67, 0
3, 76200, Note_on_c, 1, 64, 100
3, 76320, Note_on_c, 1, 64, 0
3, 76320, Note_on_c, 1, 69, 100
3, 76440, Note_on_c, 1, 69, 0
3, 76440, Note_on_c, 1, 72, 100
3, 76560, Note_on_c, 1, 72, 0
3, 76560, Note_on_c, 1, 69, 100
3, 76680, Note_on_c, 1, 69, 0
3, 76680, Note_on_c, 1, 64, 100
3, 76800, Note_on_c, 1, 64, 0
3, 76800, Note_on_c, 1, 67, 100
3, 76920, Note_on_c, 1, 67, 0
3, 76920, Note_on_c, 1, 72, 100
3, 77040, Note_on_c, 1, 72, 0
3, 77040, Note_on_c, 1, 67, 100
3, 77160, Note_on_c, 1, 67, 0
3, 77160, Note_on_c, 1, 64, 100
3, 77280, Note_on_c, 1, 64, 0
3, 77280, Note_on_c, 1, 66, 100
3, 77400, Note_on_c, 1, 66, 0
3, 77400, Note_on_c, 1, 72, 100
3, 77520, Note_on_c, 1, 72, 0
3, 77520, Note_on_c, 1, 66, 100
3, 77640, Note_on_c, 1, 66, 0
3, 77640, Note_on_c, 1, 64, 100
3, 77760, Note_on_c, 1, 64, 0
3, 77760, Note_on_c, 1, 67, 100
3, 77880, Note_on_c, 1, 67, 0
3, 77880, Note_on_c, 1, 71, 100
3, 78000, Note_on_c, 1, 71, 0
3, 78000, Note_on_c, 1, 67, 100
3, 78120, Note_on_c, 1, 67, 0
3, 78120, Note_on_c, 1, 64, 100
3, 78240, Note_on_c, 1, 64, 0
3, 78240, Note_on_c, 1, 59, 100
3, 78360, Note_on_c, 1, 59, 0
3, 78360, Note_on_c, 1, 71, 100
3, 78480, Note_on_c, 1, 71, 0
3, 78480, Note_on_c, 1, 69, 100
3, 78600, Note_on_c, 1, 69, 0
3, 78600, Note_on_c, 1, 71, 100
3, 78720, Note_on_c, 1, 71, 0
3, 78720, Note_on_c, 1, 67, 100
3, 78840, Note_on_c, 1, 67, 0
3, 78840, Note_on_c, 1, 71, 100
3, 78960, Note_on_c, 1, 71, 0
3, 78960, Note_on_c, 1, 66, 100
3, 79080, Note_on_c, 1, 66, 0
3, 79080, Note_on_c, 1, 71, 100
3, 79200, Note_on_c, 1, 71, 0
3, 79200, Note_on_c, 1, 67, 100
3, 79320, Note_on_c, 1, 67, 0
3, 79320, Note_on_c, 1, 64, 100
3, 79440, Note_on_c, 1, 64, 0
3, 79440, Note_on_c, 1, 67, 100
3, 79560, Note_on_c, 1, 67, 0
3, 79560, Note_on_c, 1, 71, 100
3, 79680, Note_on_c, 1, 71, 0
3, 79680, Note_on_c, 1, 76, 100
3, 79800, Note_on_c, 1, 76, 0
3, 79800, Note_on_c, 1, 71, 100
3, 79920, Note_on_c, 1, 71, 0
3, 79920, Note_on_c, 1, 67, 100
3, 80040, Note_on_c, 1, 67, 0
3, 80040, Note_on_c, 1, 71, 100
3, 80160, Note_on_c, 1, 71, 0
3, 80160, Note_on_c, 1, 64, 100
3, 80400, Note_on_c, 1, 64, 0
3, 80640, Note_on_c, 1, 64, 100
3, 80880, Note_on_c, 1, 64, 0
3, 81120, Note_on_c, 1, 48, 100
3, 81360, Note_on_c, 1, 48, 0
3, 81600, Note_on_c, 1, 64, 100
3, 82080, Note_on_c, 1, 64, 0
3, 82080, Note_on_c, 1, 62, 100
3, 82320, Note_on_c, 1, 62, 0
3, 82560, Note_on_c, 1, 47, 100
3, 82800, Note_on_c, 1, 47, 0
3, 83040, Note_on_c, 1, 62, 100
3, 83520, Note_on_c, 1, 62, 0
3, 83520, Note_on_c, 1, 60, 100
3, 83760, Note_on_c, 1, 60, 0
3, 83760, Note_on_c, 1, 59, 100
3, 84000, Note_on_c, 1, 59, 0
3, 84000, Note_on_c, 1, 57, 100
3, 84240, Note_on_c, 1, 57, 0
3, 84240, Note_on_c, 1, 55, 100
3, 84480, Note_on_c, 1, 55, 0
3, 84480, Note_on_c, 1, 54, 100
3, 84720, Note_on_c, 1, 54, 0
3, 84720, Note_on_c, 1, 52, 100
3, 84960, Note_on_c, 1, 52, 0
3, 84960, Note_on_c, 1, 54, 100
3, 85200, Note_on_c, 1, 54, 0
3, 85200, Note_on_c, 1, 55, 100
3, 85320, Note_on_c, 1, 55, 0
3, 85320, Note_on_c, 1, 57, 100
3, 85440, Note_on_c, 1, 57, 0
3, 85440, Note_on_c, 1, 50, 100
3, 86040, Note_on_c, 1, 50, 0
3, 86040, Note_on_c, 1, 60, 100
3, 86160, Note_on_c, 1, 60, 0
3, 86160, Note_on_c, 1, 59, 100
3, 86280, Note_on_c, 1, 59, 0
3, 86280, Note_on_c, 1, 57, 100
3, 86400, Note_on_c, 1, 57, 0
3, 86400, Note_on_c, 1, 59, 100
3, 86520, Note_on_c, 1, 59, 0
3, 86520, Note_on_c, 1, 55, 100
3, 86640, Note_on_c, 1, 55, 0
3, 86640, Note_on_c, 1, 54, 100
3, 86760, Note_on_c, 1, 54, 0
3, 86760, Note_on_c, 1, 55, 100
3, 86880, Note_on_c, 1, 55, 0
3, 86880, Note_on_c, 1, 57, 100
3, 87000, Note_on_c, 1, 57, 0
3, 87000, Note_on_c, 1, 55, 100
3, 87120, Note_on_c, 1, 55, 0
3, 87120, Note_on_c, 1, 59, 100
3, 87240, Note_on_c, 1, 59, 0
3, 87240, Note_on_c, 1, 55, 100
3, 87360, Note_on_c, 1, 55, 0
3, 87360, Note_on_c, 1, 60, 100
3, 87480, Note_on_c, 1, 60, 0
3, 87480, Note_on_c, 1, 55, 100
3, 87600, Note_on_c, 1, 55, 0
3, 87600, Note_on_c, 1, 62, 100
3, 87720, Note_on_c, 1, 62, 0
3, 87720, Note_on_c, 1, 55, 100
3, 87840, Note_on_c, 1, 55, 0
3, 87840, Note_on_c, 1, 64, 100
3, 88080, Note_on_c, 1, 64, 0
3, 88080, Note_on_c, 1, 55, 100
3, 88320, Note_on_c, 1, 55, 0
3, 88560, Note_on_c, 1, 59, 100
3, 88800, Note_on_c, 1, 59, 0
3, 88800, Note_on_c, 1, 57, 100
3, 89040, Note_on_c, 1, 57, 0
3, 89040, Note_on_c, 1, 55, 100
3, 89280, Note_on_c, 1, 55, 0
3, 89280, Note_on_c, 1, 54, 100
3, 89400, Note_on_c, 1, 54, 0
3, 89400, Note_on_c, 1, 62, 100
3, 89520, Note_on_c, 1, 62, 0
3, 89520, Note_on_c, 1, 64, 100
3, 89640, Note_on_c, 1, 64, 0
3, 89640, Note_on_c, 1, 66, 100
3, 89760, Note_on_c, 1, 66, 0
3, 89760, Note_on_c, 1, 67, 100
3, 89880, Note_on_c, 1, 67, 0
3, 89880, Note_on_c, 1, 62, 100
3, 90000, Note_on_c, 1, 62, 0
3, 90000, Note_on_c, 1, 59, 100
3, 90120, Note_on_c, 1, 59, 0
3, 90120, Note_on_c, 1, 55, 100
3, 90240, Note_on_c, 1, 55, 0
3, 90240, Note_on_c, 1, 57, 100
3, 90360, Note_on_c, 1, 57, 0
3, 90360, Note_on_c, 1, 60, 100
3, 90480, Note_on_c, 1, 60, 0
3, 90480, Note_on_c, 1, 67, 100
3, 90600, Note_on_c, 1, 67, 0
3, 90600, Note_on_c, 1, 66, 100
3, 90720, Note_on_c, 1, 66, 0
3, 90720, Note_on_c, 1, 67, 100
3, 90960, Note_on_c, 1, 67, 0
3, 90960, Note_on_c, 1, 55, 100
3, 91200, Note_on_c, 1, 55, 0
3, 91200, Note_on_c, 1, 50, 100
3, 91440, Note_on_c, 1, 50, 0
3, 91440, Note_on_c, 1, 47, 100
3, 91680, Note_on_c, 1, 47, 0
3, 91680, Note_on_c, 1, 43, 100
3, 92160, Note_on_c, 1, 43, 0
3, 92160, End_track
4, 0, Start_track
4, 0, MIDI_port, 0
4, 0, Title_t, "Johann Sebastian Bach  (1685-1750)"
4, 0, End_track
5, 0, Start_track
5, 0, MIDI_port, 0
5, 0, Title_t, "The Goldberg Variations - BWV 988"
5, 0, End_track
6, 0, Start_track
6, 0, MIDI_port, 0
6, 0, Title_t, "Aria with 30 Variations for Harpsichord with 2 Manuals"
6, 0, End_track
7, 0, Start_track
7, 0, MIDI_port, 0
7, 0, Title_t, "--------------------------------------"
7, 0, End_track
8, 0, Start_track
8, 0, MIDI_port, 0
8, 0, Title_t, "Variatio 5 a 1 ovvero 2 Clav."
8, 0, End_track
9, 0, Start_track
9, 0, MIDI_port, 0
9, 0, Title_t, "--------------------------------------"
9, 0, End_track
10, 0, Start_track
10, 0, MIDI_port, 0
10, 0, Title_t, "Sequenced with Cakewalk Pro Audio by"
10, 0, End_track
11, 0, Start_track
11, 0, MIDI_port, 0
11, 0, Title_t, "David J. Grossman - dave@unpronounceable.com"
11, 0, End_track
12, 0, Start_track
12, 0, MIDI_port, 0
12, 0, Title_t, "This and other Bach MIDI files can be found at:"
12, 0, End_track
13, 0, Start_track
13, 0, MIDI_port, 0
13, 0, Title_t, "Dave's J.S. Bach Page"
13, 0, End_track
14, 0, Start_track
14, 0, MIDI_port, 0
14, 0, Title_t, "http://www.unpronounceable.com/bach"
14, 0, End_track
15, 0, Start_track
15, 0, MIDI_port, 0
15, 0, Title_t, "--------------------------------------"
15, 0, End_track
16, 0, Start_track
16, 0, MIDI_port, 0
16, 0, Title_t, "Original Filename: 988-v05.mid"
16, 0, End_track
17, 0, Start_track
17, 0, MIDI_port, 0
17, 0, Title_t, "Last Modified: March 14, 1997"
17, 0, End_track
0, 0, End_of_file
